1389208112,1389208175,63,Activity Monitor
1389633407,1389633553,146,Activity Monitor
1390212780,1390213157,377,Activity Monitor
1390213545,1390213637,92,Activity Monitor
1391175261,1391175496,235,Activity Monitor
1391449195,1391449368,173,Activity Monitor
1391450115,1391450280,165,Activity Monitor
1391460212,1391460240,28,Activity Monitor
1391982812,1391982840,28,Activity Monitor
1393425480,1393425528,48,Activity Monitor
1393435156,1393435183,27,Activity Monitor
1393611452,1393611470,18,Activity Monitor
1393615471,1393615576,105,Activity Monitor
1394055407,1394055436,29,Activity Monitor
1394199379,1394199600,221,Activity Monitor
1394208243,1394208526,283,Activity Monitor
1394628242,1394628406,164,Activity Monitor
1394805900,1394806051,151,Activity Monitor
1394883420,1394883441,21,Activity Monitor
1394918011,1394918296,285,Activity Monitor
1394973660,1394973666,6,Activity Monitor
1394980714,1394981836,1122,Activity Monitor
1394982527,1394982781,254,Activity Monitor
1394989354,1394989457,103,Activity Monitor
1395252019,1395252181,162,Activity Monitor
1395427547,1395427560,13,Activity Monitor
1396190131,1396190208,77,Activity Monitor
1396194991,1396195051,60,Activity Monitor
1396204007,1396205415,1408,Activity Monitor
1396597007,1396597172,165,Activity Monitor
1396598700,1396598828,128,Activity Monitor
1396603335,1396603906,571,Activity Monitor
1396606127,1396606515,388,Activity Monitor
1396628732,1396628895,163,Activity Monitor
1396632451,1396632555,104,Activity Monitor
1396644347,1396644360,13,Activity Monitor
1400188730,1400189176,446,Activity Monitor
1400699520,1400699565,45,Activity Monitor
1401956630,1401956675,45,Activity Monitor
1403046409,1403046420,11,Activity Monitor
1403176002,1403176053,51,Activity Monitor
1403458140,1403458156,16,Activity Monitor
1406892120,1406892136,16,Activity Monitor
1407082036,1407082111,75,Activity Monitor
1407279211,1407279240,29,Activity Monitor
1407322455,1407323280,825,Activity Monitor
1407324255,1407324286,31,Activity Monitor
1407326640,1407327120,480,Activity Monitor
1410043816,1410043832,16,Activity Monitor
1411502700,1411502751,51,Activity Monitor
1412548846,1412548860,14,Activity Monitor
1413653580,1413653776,196,Activity Monitor
1417800632,1417800691,59,Activity Monitor
1417862926,1417863060,134,Activity Monitor
1417903801,1417903831,30,Activity Monitor
1417905166,1417905196,30,Activity Monitor
1417907672,1417907836,164,Activity Monitor
1418070526,1418070556,30,Activity Monitor
1418078836,1418078940,104,Activity Monitor
1418236020,1418236036,16,Activity Monitor
1418502258,1418502300,42,Activity Monitor
1418503967,1418503980,13,Activity Monitor
1418512771,1418512920,149,Activity Monitor
1418547152,1418547331,179,Activity Monitor
1418547947,1418548007,60,Activity Monitor
1418565451,1418565767,316,Activity Monitor
1418568512,1418568540,28,Activity Monitor
1418570956,1418571000,44,Activity Monitor
1419079380,1419079411,31,Activity Monitor
1388688496,1388688900,404,Finder
1388689398,1388689488,90,Finder
1389035027,1389035100,73,Finder
1389036887,1389036932,45,Finder
1389633872,1389633900,28,Finder
1389723856,1389723871,15,Finder
1389895981,1389895996,15,Finder
1389896387,1389896836,449,Finder
1390213254,1390213475,221,Finder
1390414455,1390415341,886,Finder
1390654876,1390655447,571,Finder
1390734932,1390734948,16,Finder
1391272371,1391272740,369,Finder
1391274632,1391274678,46,Finder
1391278305,1391278321,16,Finder
1391380368,1391380427,59,Finder
1391380891,1391380907,16,Finder
1391381280,1391381296,16,Finder
1391433736,1391433772,36,Finder
1391440233,1391440260,27,Finder
1391446455,1391446515,60,Finder
1391447447,1391447476,29,Finder
1391448120,1391448240,120,Finder
1391448781,1391448833,52,Finder
1391449380,1391449475,95,Finder
1391605860,1391605972,112,Finder
1391872381,1391872607,226,Finder
1391872980,1391873149,169,Finder
1391873955,1391874452,497,Finder
1392072076,1392072152,76,Finder
1392748188,1392748200,12,Finder
1392834855,1392835801,946,Finder
1392836357,1392836492,135,Finder
1392836911,1392836955,44,Finder
1392846240,1392846361,121,Finder
1392884191,1392884627,436,Finder
1392921960,1392922035,75,Finder
1393435335,1393435680,345,Finder
1394129220,1394129252,32,Finder
1394187975,1394188020,45,Finder
1394530502,1394530560,58,Finder
1394650497,1394650740,243,Finder
1394663282,1394663371,89,Finder
1394871707,1394872007,300,Finder
1394886736,1394886826,90,Finder
1394903956,1394904015,59,Finder
1394907196,1394907211,15,Finder
1394913735,1394913796,61,Finder
1394914200,1394914216,16,Finder
1394914667,1394914787,120,Finder
1394916394,1394917260,866,Finder
1394920440,1394921671,1231,Finder
1394922091,1394922960,869,Finder
1394923336,1394923352,16,Finder
1394923907,1394925076,1169,Finder
1394967452,1394967512,60,Finder
1395252227,1395252240,13,Finder
1395419101,1395419213,112,Finder
1395420527,1395420916,389,Finder
1396598843,1396598852,9,Finder
1396601763,1396602195,432,Finder
1396606187,1396606620,433,Finder
1396635497,1396635780,283,Finder
1396705847,1396705936,89,Finder
1396708952,1396708980,28,Finder
1397309431,1397309491,60,Finder
1397401706,1397403571,1865,Finder
1397403992,1397404231,239,Finder
1397405167,1397405167,0,Finder
1397410062,1397410531,469,Finder
1398451756,1398451860,104,Finder
1399725780,1399726200,420,Finder
1399746152,1399746420,268,Finder
1399747428,1399748460,1032,Finder
1400185711,1400185741,30,Finder
1400186387,1400186716,329,Finder
1400531926,1400532031,105,Finder
1400676090,1400676420,330,Finder
1400686037,1400686068,31,Finder
1400949076,1400949107,31,Finder
1400949962,1400950081,119,Finder
1401043755,1401043875,120,Finder
1401056295,1401056340,45,Finder
1401819167,1401819211,44,Finder
1401956927,1401957076,149,Finder
1401962627,1401962656,29,Finder
1401963094,1401963587,493,Finder
1402138831,1402139146,315,Finder
1402225231,1402225260,29,Finder
1402228456,1402228726,270,Finder
1402235835,1402235926,91,Finder
1402790387,1402790400,13,Finder
1402790400,1402790400,0,Finder
1403369491,1403369506,15,Finder
1403392996,1403393056,60,Finder
1403396116,1403396176,60,Finder
1403397780,1403398456,676,Finder
1403559360,1403559647,287,Finder
1404075976,1404077880,1904,Finder
1405516095,1405516472,377,Finder
1405626170,1405626180,10,Finder
1405626826,1405627186,360,Finder
1405635631,1405635660,29,Finder
1405762995,1405763011,16,Finder
1405811400,1405811476,76,Finder
1405874400,1405874567,167,Finder
1405938272,1405938287,15,Finder
1405938767,1405938781,14,Finder
1406059454,1406059470,16,Finder
1406891952,1406892031,79,Finder
1408320031,1408320060,29,Finder
1408641750,1408641871,121,Finder
1408786306,1408786456,150,Finder
1409530891,1409531047,156,Finder
1410043860,1410044146,286,Finder
1410372646,1410372691,45,Finder
1411078215,1411078291,76,Finder
1411419947,1411420066,119,Finder
1411831560,1411831680,120,Finder
1411833153,1411833229,76,Finder
1411834500,1411834891,391,Finder
1412453746,1412453867,121,Finder
1412464247,1412464380,133,Finder
1412522715,1412522730,15,Finder
1412549329,1412549356,27,Finder
1412800020,1412800231,211,Finder
1412953531,1412953920,389,Finder
1413477181,1413477287,106,Finder
1413653551,1413653567,16,Finder
1415454376,1415454871,495,Finder
1415462253,1415462280,27,Finder
1415740171,1415740231,60,Finder
1415998260,1415998276,16,Finder
1416703576,1416703876,300,Finder
1416704411,1416704442,31,Finder
1416715258,1416715273,15,Finder
1416865667,1416865787,120,Finder
1417381860,1417381861,1,Finder
1417800180,1417800338,158,Finder
1417801380,1417801711,331,Finder
1417802175,1417802191,16,Finder
1417802671,1417802775,104,Finder
1417804576,1417804592,16,Finder
1417861609,1417861860,251,Finder
1417862280,1417862460,180,Finder
1417873532,1417874012,480,Finder
1417903966,1417903980,14,Finder
1417905015,1417905473,458,Finder
1417908675,1417908900,225,Finder
1417953991,1417954575,584,Finder
1417954995,1417955280,285,Finder
1417956631,1417956691,60,Finder
1417958807,1417958851,44,Finder
1417972291,1417972651,360,Finder
1418073480,1418073615,135,Finder
1418142616,1418142647,31,Finder
1418143727,1418143816,89,Finder
1418149500,1418149816,316,Finder
1418154684,1418155007,323,Finder
1418157780,1418157826,46,Finder
1418488200,1418488230,30,Finder
1418496048,1418496211,163,Finder
1418498100,1418498175,75,Finder
1418500486,1418500980,494,Finder
1418506246,1418506486,240,Finder
1418546641,1418546957,316,Finder
1418549295,1418549447,152,Finder
1418549851,1418550316,465,Finder
1418551186,1418552087,901,Finder
1418552580,1418553151,571,Finder
1418553632,1418553648,16,Finder
1418560875,1418560891,16,Finder
1418561506,1418561640,134,Finder
1418564640,1418565151,511,Finder
1418567716,1418568120,404,Finder
1418571871,1418572996,1125,Finder
1418586767,1418586796,29,Finder
1418587455,1418587471,16,Finder
1418649855,1418649871,16,Finder
1418667166,1418667528,362,Finder
1418977079,1418977171,92,Finder
1418978521,1418978640,119,Finder
1419009240,1419009287,47,Finder
1419012795,1419013487,692,Finder
1419080268,1419080340,72,Finder
1419778500,1419778771,271,Finder
1420032001,1420032106,105,Finder
1388536620,1388537416,796,Google Chrome
1388538376,1388538780,404,Google Chrome
1388539710,1388539980,270,Google Chrome
1388570820,1388570987,167,Google Chrome
1388573026,1388573356,330,Google Chrome
1388573940,1388574480,540,Google Chrome
1388574947,1388574961,14,Google Chrome
1388575380,1388578231,2851,Google Chrome
1388578636,1388581636,3000,Google Chrome
1388588123,1388588175,52,Google Chrome
1388589975,1388590080,105,Google Chrome
1388597458,1388599380,1922,Google Chrome
1388599977,1388601196,1219,Google Chrome
1388601918,1388602621,703,Google Chrome
1388603071,1388605500,2429,Google Chrome
1388606941,1388607556,615,Google Chrome
1388614666,1388615087,421,Google Chrome
1388619480,1388619720,240,Google Chrome
1388656476,1388657820,1344,Google Chrome
1388658197,1388658360,163,Google Chrome
1388658991,1388659351,360,Google Chrome
1388659831,1388661060,1229,Google Chrome
1388663040,1388664527,1487,Google Chrome
1388665680,1388667331,1651,Google Chrome
1388668680,1388670556,1876,Google Chrome
1388674995,1388675115,120,Google Chrome
1388676720,1388693236,16516,Google Chrome
1388696109,1388696387,278,Google Chrome
1388696759,1388697016,257,Google Chrome
1388698150,1388698336,186,Google Chrome
1388700576,1388700660,84,Google Chrome
1388704040,1388704667,627,Google Chrome
1388741280,1388742480,1200,Google Chrome
1388744061,1388744131,70,Google Chrome
1388753609,1388755542,1933,Google Chrome
1388767959,1388768492,533,Google Chrome
1388770199,1388770260,61,Google Chrome
1388774347,1388774580,233,Google Chrome
1388779019,1388779576,557,Google Chrome
1388786056,1388786251,195,Google Chrome
1388827226,1388828595,1369,Google Chrome
1388833708,1388835347,1639,Google Chrome
1388836260,1388836336,76,Google Chrome
1388840755,1388842471,1716,Google Chrome
1388844760,1388847827,3067,Google Chrome
1388848649,1388849071,422,Google Chrome
1388883984,1388884832,848,Google Chrome
1388916619,1388918475,1856,Google Chrome
1388922800,1388923636,836,Google Chrome
1388927222,1388929320,2098,Google Chrome
1388929816,1388930567,751,Google Chrome
1388932577,1388932627,50,Google Chrome
1388944987,1388945056,69,Google Chrome
1388945893,1388946720,827,Google Chrome
1388951019,1388952214,1195,Google Chrome
1388957278,1388957460,182,Google Chrome
1388998905,1388999056,151,Google Chrome
1389003253,1389006587,3334,Google Chrome
1389012171,1389018256,6085,Google Chrome
1389021658,1389021692,34,Google Chrome
1389029945,1389029962,17,Google Chrome
1389030353,1389030537,184,Google Chrome
1389031846,1389034996,3150,Google Chrome
1389035431,1389037772,2341,Google Chrome
1389039488,1389039537,49,Google Chrome
1389042563,1389043127,564,Google Chrome
1389043650,1389045091,1441,Google Chrome
1389045527,1389046471,944,Google Chrome
1389047176,1389048215,1039,Google Chrome
1389048718,1389048887,169,Google Chrome
1389049449,1389049483,34,Google Chrome
1389088722,1389090676,1954,Google Chrome
1389093813,1389093861,48,Google Chrome
1389097032,1389097531,499,Google Chrome
1389101492,1389101619,127,Google Chrome
1389130011,1389131954,1943,Google Chrome
1389160311,1389160816,505,Google Chrome
1389200701,1389201287,586,Google Chrome
1389205283,1389208140,2857,Google Chrome
1389209236,1389211500,2264,Google Chrome
1389217175,1389217427,252,Google Chrome
1389219427,1389219632,205,Google Chrome
1389220029,1389220156,127,Google Chrome
1389247233,1389247336,103,Google Chrome
1389248334,1389248387,53,Google Chrome
1389252973,1389256543,3570,Google Chrome
1389288067,1389288631,564,Google Chrome
1389289066,1389289487,421,Google Chrome
1389289876,1389294786,4910,Google Chrome
1389296791,1389297151,360,Google Chrome
1389299689,1389299940,251,Google Chrome
1389302946,1389303300,354,Google Chrome
1389304225,1389304575,350,Google Chrome
1389342088,1389342196,108,Google Chrome
1389343281,1389343367,86,Google Chrome
1389346860,1389347207,347,Google Chrome
1389360855,1389362951,2096,Google Chrome
1389364094,1389364111,17,Google Chrome
1389374891,1389375107,216,Google Chrome
1389376008,1389380491,4483,Google Chrome
1389380896,1389381611,715,Google Chrome
1389381973,1389382399,426,Google Chrome
1389383221,1389384227,1006,Google Chrome
1389384843,1389386117,1274,Google Chrome
1389387998,1389394305,6307,Google Chrome
1389430661,1389432300,1639,Google Chrome
1389436353,1389436560,207,Google Chrome
1389444293,1389444376,83,Google Chrome
1389449283,1389449492,209,Google Chrome
1389452688,1389453197,509,Google Chrome
1389453900,1389453976,76,Google Chrome
1389454800,1389455327,527,Google Chrome
1389460957,1389461056,99,Google Chrome
1389467537,1389467630,93,Google Chrome
1389469156,1389469172,16,Google Chrome
1389469595,1389470237,642,Google Chrome
1389473933,1389474111,178,Google Chrome
1389475942,1389476329,387,Google Chrome
1389480586,1389481353,767,Google Chrome
1389520522,1389523695,3173,Google Chrome
1389529996,1389530132,136,Google Chrome
1389530567,1389533656,3089,Google Chrome
1389534060,1389542617,8557,Google Chrome
1389549066,1389549145,79,Google Chrome
1389550833,1389551716,883,Google Chrome
1389552976,1389553951,975,Google Chrome
1389554476,1389557844,3368,Google Chrome
1389560018,1389560472,454,Google Chrome
1389562124,1389562964,840,Google Chrome
1389563634,1389563896,262,Google Chrome
1389567960,1389568121,161,Google Chrome
1389593329,1389593446,117,Google Chrome
1389594553,1389594600,47,Google Chrome
1389615192,1389617416,2224,Google Chrome
1389629197,1389632042,2845,Google Chrome
1389632594,1389636925,4331,Google Chrome
1389643060,1389643396,336,Google Chrome
1389644364,1389648251,3887,Google Chrome
1389648712,1389649036,324,Google Chrome
1389649462,1389650538,1076,Google Chrome
1389679716,1389679848,132,Google Chrome
1389682071,1389682459,388,Google Chrome
1389688914,1389688988,74,Google Chrome
1389695450,1389695524,74,Google Chrome
1389701981,1389702016,35,Google Chrome
1389720671,1389722617,1946,Google Chrome
1389723442,1389727697,4255,Google Chrome
1389728568,1389729097,529,Google Chrome
1389730097,1389730451,354,Google Chrome
1389730869,1389731028,159,Google Chrome
1389737019,1389737301,282,Google Chrome
1389766136,1389766228,92,Google Chrome
1389770422,1389770592,170,Google Chrome
1389805400,1389810758,5358,Google Chrome
1389817212,1389817286,74,Google Chrome
1389821868,1389823772,1904,Google Chrome
1389827616,1389827777,161,Google Chrome
1389856129,1389856266,137,Google Chrome
1389857370,1389857469,99,Google Chrome
1389891738,1389896340,4602,Google Chrome
1389896867,1389903430,6563,Google Chrome
1389906487,1389906829,342,Google Chrome
1389908350,1389908794,444,Google Chrome
1389909892,1389910242,350,Google Chrome
1389942528,1389942628,100,Google Chrome
1389943780,1389943874,94,Google Chrome
1389946133,1389951060,4927,Google Chrome
1389951512,1389952401,889,Google Chrome
1389964934,1389965385,451,Google Chrome
1389967937,1389967996,59,Google Chrome
1389974204,1389977596,3392,Google Chrome
1389978136,1389980197,2061,Google Chrome
1389981424,1389984227,2803,Google Chrome
1389985667,1389985982,315,Google Chrome
1390165652,1390166899,1247,Google Chrome
1390198122,1390198249,127,Google Chrome
1390202419,1390202780,361,Google Chrome
1390208499,1390214580,6081,Google Chrome
1390227271,1390228907,1636,Google Chrome
1390231620,1390232580,960,Google Chrome
1390233151,1390234680,1529,Google Chrome
1390235071,1390235161,90,Google Chrome
1390235580,1390237531,1951,Google Chrome
1390238567,1390238973,406,Google Chrome
1390240111,1390240140,29,Google Chrome
1390240831,1390241071,240,Google Chrome
1390246357,1390246591,234,Google Chrome
1390247491,1390247520,29,Google Chrome
1390248958,1390249846,888,Google Chrome
1390250431,1390250807,376,Google Chrome
1390251767,1390252320,553,Google Chrome
1390253867,1390254031,164,Google Chrome
1390255080,1390255860,780,Google Chrome
1390258370,1390258547,177,Google Chrome
1390322484,1390322535,51,Google Chrome
1390324329,1390325700,1371,Google Chrome
1390328459,1390328716,257,Google Chrome
1390329181,1390329436,255,Google Chrome
1390330021,1390331176,1155,Google Chrome
1390333862,1390334055,193,Google Chrome
1390334616,1390334836,220,Google Chrome
1390335960,1390338240,2280,Google Chrome
1390341958,1390341990,32,Google Chrome
1390371960,1390372231,271,Google Chrome
1390408920,1390413796,4876,Google Chrome
1390414438,1390414936,498,Google Chrome
1390415356,1390416436,1080,Google Chrome
1390417007,1390423172,6165,Google Chrome
1390427220,1390427280,60,Google Chrome
1390427687,1390428692,1005,Google Chrome
1390430700,1390430987,287,Google Chrome
1390432620,1390432651,31,Google Chrome
1390460191,1390460280,89,Google Chrome
1390461337,1390461512,175,Google Chrome
1390497192,1390504740,7548,Google Chrome
1390508431,1390511880,3449,Google Chrome
1390512953,1390515315,2362,Google Chrome
1390517504,1390517940,436,Google Chrome
1390544186,1390544221,35,Google Chrome
1390545035,1390545120,85,Google Chrome
1390549935,1390550251,316,Google Chrome
1390557559,1390558020,461,Google Chrome
1390579268,1390583941,4673,Google Chrome
1390584631,1390584661,30,Google Chrome
1390586055,1390586087,32,Google Chrome
1390587076,1390587136,60,Google Chrome
1390588635,1390589116,481,Google Chrome
1390589775,1390590916,1141,Google Chrome
1390594200,1390594246,46,Google Chrome
1390597380,1390597876,496,Google Chrome
1390642057,1390646911,4854,Google Chrome
1390649279,1390649387,108,Google Chrome
1390649928,1390649955,27,Google Chrome
1390650708,1390650720,12,Google Chrome
1390654519,1390655732,1213,Google Chrome
1390657440,1390657740,300,Google Chrome
1390658416,1390659527,1111,Google Chrome
1390660696,1390661252,556,Google Chrome
1390661671,1390662407,736,Google Chrome
1390664700,1390664911,211,Google Chrome
1390665720,1390666575,855,Google Chrome
1390667987,1390668000,13,Google Chrome
1390668827,1390668960,133,Google Chrome
1390669471,1390669576,105,Google Chrome
1390670056,1390670416,360,Google Chrome
1390670976,1390671091,115,Google Chrome
1390683284,1390684952,1668,Google Chrome
1390686038,1390686136,98,Google Chrome
1390686555,1390686571,16,Google Chrome
1390687020,1390687111,91,Google Chrome
1390688220,1390688491,271,Google Chrome
1390690936,1390691896,960,Google Chrome
1390693908,1390693980,72,Google Chrome
1390694534,1390694867,333,Google Chrome
1390726020,1390726187,167,Google Chrome
1390731306,1390739266,7960,Google Chrome
1390740625,1390740721,96,Google Chrome
1390745174,1390745252,78,Google Chrome
1390751734,1390751776,42,Google Chrome
1390753030,1390753155,125,Google Chrome
1390754234,1390757088,2854,Google Chrome
1390759440,1390760536,1096,Google Chrome
1390766039,1390766280,241,Google Chrome
1390766762,1390767767,1005,Google Chrome
1390772160,1390772791,631,Google Chrome
1390776466,1390776960,494,Google Chrome
1390778188,1390778252,64,Google Chrome
1390824561,1390826460,1899,Google Chrome
1390832936,1390832970,34,Google Chrome
1390839480,1390840051,571,Google Chrome
1390840823,1390841836,1013,Google Chrome
1390842436,1390842887,451,Google Chrome
1390844207,1390844251,44,Google Chrome
1390847175,1390848060,885,Google Chrome
1390849140,1390849156,16,Google Chrome
1390855140,1390855602,462,Google Chrome
1390858260,1390858516,256,Google Chrome
1390889745,1390889987,242,Google Chrome
1390896464,1390896512,48,Google Chrome
1390902999,1390903052,53,Google Chrome
1390909536,1390909555,19,Google Chrome
1390929957,1390930860,903,Google Chrome
1390931955,1390932615,660,Google Chrome
1390934491,1390934956,465,Google Chrome
1390940988,1390942409,1421,Google Chrome
1390943416,1390943628,212,Google Chrome
1390946542,1390946701,159,Google Chrome
1390976649,1390976750,101,Google Chrome
1390997340,1390998420,1080,Google Chrome
1391000724,1391000807,83,Google Chrome
1391065740,1391066476,736,Google Chrome
1391072156,1391072520,364,Google Chrome
1391073174,1391075808,2634,Google Chrome
1391082285,1391082335,50,Google Chrome
1391088817,1391088867,50,Google Chrome
1391095351,1391095400,49,Google Chrome
1391097018,1391098980,1962,Google Chrome
1391101395,1391103376,1981,Google Chrome
1391104876,1391105520,644,Google Chrome
1391106436,1391106467,31,Google Chrome
1391108611,1391108987,376,Google Chrome
1391109391,1391109600,209,Google Chrome
1391111956,1391112391,435,Google Chrome
1391115167,1391115316,149,Google Chrome
1391117611,1391117656,45,Google Chrome
1391120296,1391120372,76,Google Chrome
1391152598,1391152787,189,Google Chrome
1391153896,1391154014,118,Google Chrome
1391161838,1391162193,355,Google Chrome
1391174453,1391175241,788,Google Chrome
1391175720,1391176193,473,Google Chrome
1391180881,1391181720,839,Google Chrome
1391184360,1391185276,916,Google Chrome
1391186011,1391188471,2460,Google Chrome
1391188952,1391189198,246,Google Chrome
1391193376,1391193432,56,Google Chrome
1391193970,1391194200,230,Google Chrome
1391195896,1391195940,44,Google Chrome
1391205452,1391205520,68,Google Chrome
1391207698,1391207714,16,Google Chrome
1391232480,1391232632,152,Google Chrome
1391245876,1391246176,300,Google Chrome
1391250660,1391251124,464,Google Chrome
1391262926,1391263314,388,Google Chrome
1391263958,1391264191,233,Google Chrome
1391267116,1391267406,290,Google Chrome
1391270561,1391270776,215,Google Chrome
1391271215,1391271978,763,Google Chrome
1391273311,1391273340,29,Google Chrome
1391278336,1391278674,338,Google Chrome
1391279111,1391279448,337,Google Chrome
1391279857,1391279977,120,Google Chrome
1391280811,1391280863,52,Google Chrome
1391293711,1391294041,330,Google Chrome
1391332261,1391332607,346,Google Chrome
1391334676,1391335020,344,Google Chrome
1391337121,1391338216,1095,Google Chrome
1391339027,1391339115,88,Google Chrome
1391339716,1391340211,495,Google Chrome
1391340821,1391341471,650,Google Chrome
1391342115,1391342760,645,Google Chrome
1391343227,1391345672,2445,Google Chrome
1391347136,1391348252,1116,Google Chrome
1391348747,1391349303,556,Google Chrome
1391352047,1391352151,104,Google Chrome
1391377683,1391377771,88,Google Chrome
1391378333,1391381852,3519,Google Chrome
1391409300,1391409376,76,Google Chrome
1391412065,1391412120,55,Google Chrome
1391432270,1391433691,1421,Google Chrome
1391442060,1391446260,4200,Google Chrome
1391446711,1391454227,7516,Google Chrome
1391459268,1391463060,3792,Google Chrome
1391469537,1391469571,34,Google Chrome
1391476073,1391476127,54,Google Chrome
1391482605,1391482638,33,Google Chrome
1391511968,1391516716,4748,Google Chrome
1391517091,1391519191,2100,Google Chrome
1391521140,1391521186,46,Google Chrome
1391524215,1391524787,572,Google Chrome
1391525266,1391525295,29,Google Chrome
1391526616,1391530291,3675,Google Chrome
1391532650,1391533920,1270,Google Chrome
1391537294,1391540760,3466,Google Chrome
1391543495,1391543580,85,Google Chrome
1391547785,1391548171,386,Google Chrome
1391581008,1391581060,52,Google Chrome
1391601762,1391602620,858,Google Chrome
1391604800,1391606280,1480,Google Chrome
1391619647,1391625376,5729,Google Chrome
1391626367,1391627927,1560,Google Chrome
1391629679,1391630491,812,Google Chrome
1391630992,1391631167,175,Google Chrome
1391631828,1391631893,65,Google Chrome
1391638380,1391638831,451,Google Chrome
1391670516,1391670753,237,Google Chrome
1391671831,1391671892,61,Google Chrome
1391677740,1391680115,2375,Google Chrome
1391700754,1391700965,211,Google Chrome
1391707264,1391708140,876,Google Chrome
1391711144,1391711747,603,Google Chrome
1391715613,1391715744,131,Google Chrome
1391716605,1391716711,106,Google Chrome
1391718052,1391723940,5888,Google Chrome
1391724631,1391726715,2084,Google Chrome
1391727739,1391727810,71,Google Chrome
1391734280,1391734295,15,Google Chrome
1391740796,1391740875,79,Google Chrome
1391747348,1391747379,31,Google Chrome
1391753864,1391753881,17,Google Chrome
1391757395,1391757668,273,Google Chrome
1391758513,1391758607,94,Google Chrome
1391764765,1391766556,1791,Google Chrome
1391767187,1391767260,73,Google Chrome
1391771935,1391772527,592,Google Chrome
1391783455,1391784816,1361,Google Chrome
1391812983,1391814527,1544,Google Chrome
1391852030,1391852207,177,Google Chrome
1391858161,1391858626,465,Google Chrome
1391860497,1391860614,117,Google Chrome
1391861209,1391861311,102,Google Chrome
1391861706,1391861927,221,Google Chrome
1391867085,1391867656,571,Google Chrome
1391869434,1391874841,5407,Google Chrome
1391882638,1391882986,348,Google Chrome
1391889462,1391889752,290,Google Chrome
1391892481,1391893247,766,Google Chrome
1391894395,1391894747,352,Google Chrome
1391895766,1391896233,467,Google Chrome
1391904427,1391904525,98,Google Chrome
1391938689,1391939207,518,Google Chrome
1391945702,1391946158,456,Google Chrome
1391949801,1391951536,1735,Google Chrome
1391952036,1391956812,4776,Google Chrome
1391974036,1391974255,219,Google Chrome
1391980711,1391980740,29,Google Chrome
1391981253,1391981476,223,Google Chrome
1391982691,1391983127,436,Google Chrome
1391989602,1391989688,86,Google Chrome
1392022114,1392022427,313,Google Chrome
1392029201,1392033053,3852,Google Chrome
1392034200,1392034336,136,Google Chrome
1392034827,1392039557,4730,Google Chrome
1392040492,1392047880,7388,Google Chrome
1392051584,1392058607,7023,Google Chrome
1392063302,1392067685,4383,Google Chrome
1392069443,1392072475,3032,Google Chrome
1392103008,1392103797,789,Google Chrome
1392104717,1392104796,79,Google Chrome
1392108257,1392110718,2461,Google Chrome
1392112257,1392113176,919,Google Chrome
1392136952,1392139036,2084,Google Chrome
1392139775,1392146644,6869,Google Chrome
1392151445,1392153167,1722,Google Chrome
1392155222,1392155661,439,Google Chrome
1392156289,1392156707,418,Google Chrome
1392158524,1392159121,597,Google Chrome
1392159800,1392160084,284,Google Chrome
1392186232,1392187126,894,Google Chrome
1392189693,1392190070,377,Google Chrome
1392206570,1392207550,980,Google Chrome
1392209070,1392210827,1757,Google Chrome
1392223824,1392227749,3925,Google Chrome
1392228611,1392228973,362,Google Chrome
1392229802,1392233015,3213,Google Chrome
1392234933,1392235432,499,Google Chrome
1392236940,1392237391,451,Google Chrome
1392238019,1392240212,2193,Google Chrome
1392240735,1392244199,3464,Google Chrome
1392275804,1392276043,239,Google Chrome
1392280441,1392280880,439,Google Chrome
1392287319,1392287409,90,Google Chrome
1392293853,1392293943,90,Google Chrome
1392300404,1392300436,32,Google Chrome
1392311286,1392313052,1766,Google Chrome
1392313667,1392315151,1484,Google Chrome
1392315872,1392317396,1524,Google Chrome
1392321992,1392322240,248,Google Chrome
1392325901,1392326529,628,Google Chrome
1392359825,1392360375,550,Google Chrome
1392361242,1392361325,83,Google Chrome
1392384929,1392387240,2311,Google Chrome
1392387637,1392390752,3115,Google Chrome
1392394320,1392394892,572,Google Chrome
1392401373,1392401462,89,Google Chrome
1392402292,1392402638,346,Google Chrome
1392412501,1392414062,1561,Google Chrome
1392415422,1392416845,1423,Google Chrome
1392418048,1392418300,252,Google Chrome
1392419237,1392419550,313,Google Chrome
1392450901,1392452007,1106,Google Chrome
1392456549,1392456901,352,Google Chrome
1392457540,1392458416,876,Google Chrome
1392461490,1392465842,4352,Google Chrome
1392468280,1392469151,871,Google Chrome
1392471558,1392471913,355,Google Chrome
1392475620,1392475843,223,Google Chrome
1392480544,1392481711,1167,Google Chrome
1392482191,1392486479,4288,Google Chrome
1392491812,1392492160,348,Google Chrome
1392494230,1392494890,660,Google Chrome
1392496601,1392499996,3395,Google Chrome
1392501031,1392501169,138,Google Chrome
1392502166,1392502897,731,Google Chrome
1392509355,1392509425,70,Google Chrome
1392515880,1392515960,80,Google Chrome
1392522405,1392522453,48,Google Chrome
1392545563,1392547057,1494,Google Chrome
1392555036,1392560431,5395,Google Chrome
1392561375,1392565440,4065,Google Chrome
1392573532,1392575075,1543,Google Chrome
1392577953,1392579429,1476,Google Chrome
1392580826,1392582862,2036,Google Chrome
1392584278,1392588091,3813,Google Chrome
1392588837,1392589967,1130,Google Chrome
1392618181,1392619292,1111,Google Chrome
1392622879,1392622936,57,Google Chrome
1392629418,1392629460,42,Google Chrome
1392635952,1392635986,34,Google Chrome
1392660840,1392661721,881,Google Chrome
1392665847,1392666060,213,Google Chrome
1392668115,1392671656,3541,Google Chrome
1392673179,1392673967,788,Google Chrome
1392704181,1392704580,399,Google Chrome
1392707529,1392707896,367,Google Chrome
1392714375,1392714420,45,Google Chrome
1392720909,1392720960,51,Google Chrome
1392727443,1392727477,34,Google Chrome
1392742039,1392742548,509,Google Chrome
1392743697,1392753631,9934,Google Chrome
1392756243,1392758131,1888,Google Chrome
1392759270,1392761715,2445,Google Chrome
1392768195,1392768241,46,Google Chrome
1392774730,1392774780,50,Google Chrome
1392781264,1392781283,19,Google Chrome
1392790620,1392790980,360,Google Chrome
1392829502,1392835175,5673,Google Chrome
1392835727,1392838455,2728,Google Chrome
1392839152,1392839196,44,Google Chrome
1392840417,1392840960,543,Google Chrome
1392842503,1392843001,498,Google Chrome
1392844339,1392845100,761,Google Chrome
1392846097,1392846624,527,Google Chrome
1392853093,1392853108,15,Google Chrome
1392859611,1392859658,47,Google Chrome
1392866145,1392866195,50,Google Chrome
1392877479,1392878536,1057,Google Chrome
1392884105,1392886020,1915,Google Chrome
1392910174,1392910591,417,Google Chrome
1392914923,1392916051,1128,Google Chrome
1392916500,1392917252,752,Google Chrome
1392920768,1392923656,2888,Google Chrome
1392931541,1392931936,395,Google Chrome
1392938415,1392938460,45,Google Chrome
1392944949,1392945000,51,Google Chrome
1392951484,1392951518,34,Google Chrome
1392963420,1392963600,180,Google Chrome
1392968068,1392968760,692,Google Chrome
1392976134,1392976307,173,Google Chrome
1392991920,1392992267,347,Google Chrome
1392994021,1392994260,239,Google Chrome
1392995243,1392995327,84,Google Chrome
1392997560,1392998071,511,Google Chrome
1392998948,1392999932,984,Google Chrome
1393000476,1393002556,2080,Google Chrome
1393003176,1393003771,595,Google Chrome
1393189574,1393191407,1833,Google Chrome
1393197891,1393197939,48,Google Chrome
1393204425,1393204472,47,Google Chrome
1393210956,1393211011,55,Google Chrome
1393222625,1393222719,94,Google Chrome
1393229173,1393229189,16,Google Chrome
1393235690,1393235739,49,Google Chrome
1393242229,1393242278,49,Google Chrome
1393268880,1393270156,1276,Google Chrome
1393280997,1393281331,334,Google Chrome
1393309486,1393309547,61,Google Chrome
1393310630,1393310716,86,Google Chrome
1393347524,1393347615,91,Google Chrome
1393349460,1393351275,1815,Google Chrome
1393354407,1393354907,500,Google Chrome
1393358110,1393358567,457,Google Chrome
1393360501,1393363500,2999,Google Chrome
1393364110,1393364520,410,Google Chrome
1393365802,1393366260,458,Google Chrome
1393367894,1393368060,166,Google Chrome
1393395866,1393395976,110,Google Chrome
1393397043,1393397116,73,Google Chrome
1393416136,1393417953,1817,Google Chrome
1393419250,1393420891,1641,Google Chrome
1393421371,1393422300,929,Google Chrome
1393423275,1393425332,2057,Google Chrome
1393425871,1393426456,585,Google Chrome
1393427028,1393427476,448,Google Chrome
1393428092,1393428180,88,Google Chrome
1393434932,1393435320,388,Google Chrome
1393435695,1393444393,8698,Google Chrome
1393447806,1393448201,395,Google Chrome
1393451403,1393451536,133,Google Chrome
1393481296,1393482246,950,Google Chrome
1393483069,1393483206,137,Google Chrome
1393489646,1393489736,90,Google Chrome
1393496195,1393496270,75,Google Chrome
1393502731,1393502747,16,Google Chrome
1393511138,1393511715,577,Google Chrome
1393514334,1393520852,6518,Google Chrome
1393526892,1393527059,167,Google Chrome
1393528308,1393528666,358,Google Chrome
1393537805,1393538267,462,Google Chrome
1393570817,1393571116,299,Google Chrome
1393581614,1393581755,141,Google Chrome
1393593463,1393594438,975,Google Chrome
1393595758,1393597020,1262,Google Chrome
1393597441,1393600127,2686,Google Chrome
1393604087,1393605616,1529,Google Chrome
1393606096,1393608840,2744,Google Chrome
1393609547,1393610100,553,Google Chrome
1393610627,1393614660,4033,Google Chrome
1393615035,1393617035,2000,Google Chrome
1393618131,1393621818,3687,Google Chrome
1393623164,1393628671,5507,Google Chrome
1393629167,1393629827,660,Google Chrome
1393663276,1393665643,2367,Google Chrome
1393675495,1393676071,576,Google Chrome
1393676829,1393680287,3458,Google Chrome
1393681936,1393688987,7051,Google Chrome
1393689706,1393690918,1212,Google Chrome
1393691760,1393692256,496,Google Chrome
1393693455,1393693891,436,Google Chrome
1393695163,1393697216,2053,Google Chrome
1393700987,1393703972,2985,Google Chrome
1393704660,1393705995,1335,Google Chrome
1393710120,1393710825,705,Google Chrome
1393715274,1393715601,327,Google Chrome
1393751079,1393752238,1159,Google Chrome
1393756545,1393759342,2797,Google Chrome
1393761827,1393762547,720,Google Chrome
1393774183,1393775557,1374,Google Chrome
1393781535,1393781811,276,Google Chrome
1393783320,1393784927,1607,Google Chrome
1393785752,1393791417,5665,Google Chrome
1393793520,1393794035,515,Google Chrome
1393795493,1393795967,474,Google Chrome
1393797070,1393797587,517,Google Chrome
1393839962,1393841353,1391,Google Chrome
1393847448,1393857947,10499,Google Chrome
1393858380,1393859780,1400,Google Chrome
1393865741,1393865872,131,Google Chrome
1393867260,1393874760,7500,Google Chrome
1393876067,1393881135,5068,Google Chrome
1393885222,1393885707,485,Google Chrome
1393892159,1393892235,76,Google Chrome
1393898692,1393898769,77,Google Chrome
1393918550,1393918848,298,Google Chrome
1393924751,1393926805,2054,Google Chrome
1393929931,1393930606,675,Google Chrome
1393939619,1393940139,520,Google Chrome
1393949621,1393950119,498,Google Chrome
1393956752,1393957304,552,Google Chrome
1393963070,1393963421,351,Google Chrome
1393965541,1393967748,2207,Google Chrome
1393970599,1393970867,268,Google Chrome
1393973010,1393973575,565,Google Chrome
1393974152,1393974545,393,Google Chrome
1394002525,1394002695,170,Google Chrome
1394009126,1394009180,54,Google Chrome
1394015659,1394015757,98,Google Chrome
1394040270,1394040505,235,Google Chrome
1394043473,1394047814,4341,Google Chrome
1394049240,1394049376,136,Google Chrome
1394052502,1394052796,294,Google Chrome
1394053364,1394053740,376,Google Chrome
1394054700,1394054820,120,Google Chrome
1394055496,1394055827,331,Google Chrome
1394056620,1394056788,168,Google Chrome
1394057448,1394059907,2459,Google Chrome
1394061104,1394061224,120,Google Chrome
1394089367,1394089575,208,Google Chrome
1394095558,1394095837,279,Google Chrome
1394096396,1394097834,1438,Google Chrome
1394099088,1394099895,807,Google Chrome
1394106382,1394106435,53,Google Chrome
1394112916,1394112960,44,Google Chrome
1394119450,1394119500,50,Google Chrome
1394126001,1394128336,2335,Google Chrome
1394128786,1394129880,1094,Google Chrome
1394133810,1394134095,285,Google Chrome
1394134692,1394134981,289,Google Chrome
1394138524,1394138895,371,Google Chrome
1394145602,1394145887,285,Google Chrome
1394175900,1394176052,152,Google Chrome
1394186675,1394189551,2876,Google Chrome
1394199226,1394200260,1034,Google Chrome
1394207941,1394212906,4965,Google Chrome
1394218110,1394218531,421,Google Chrome
1394401210,1394403151,1941,Google Chrome
1394432625,1394432807,182,Google Chrome
1394453280,1394453387,107,Google Chrome
1394476606,1394476787,181,Google Chrome
1394481848,1394482128,280,Google Chrome
1394482542,1394486340,3798,Google Chrome
1394492839,1394492870,31,Google Chrome
1394499357,1394499404,47,Google Chrome
1394505890,1394505923,33,Google Chrome
1394518980,1394519475,495,Google Chrome
1394530171,1394530173,2,Google Chrome
1394530598,1394531326,728,Google Chrome
1394554461,1394554967,506,Google Chrome
1394558523,1394559031,508,Google Chrome
1394564596,1394565031,435,Google Chrome
1394574226,1394575848,1622,Google Chrome
1394579166,1394580256,1090,Google Chrome
1394606473,1394607183,710,Google Chrome
1394608889,1394609311,422,Google Chrome
1394628050,1394630470,2420,Google Chrome
1394634022,1394634118,96,Google Chrome
1394640600,1394640644,44,Google Chrome
1394644864,1394646529,1665,Google Chrome
1394647569,1394647906,337,Google Chrome
1394649151,1394650066,915,Google Chrome
1394650479,1394650787,308,Google Chrome
1394653132,1394653395,263,Google Chrome
1394657107,1394659366,2259,Google Chrome
1394660385,1394663132,2747,Google Chrome
1394690956,1394691135,179,Google Chrome
1394695645,1394695918,273,Google Chrome
1394697745,1394697814,69,Google Chrome
1394704274,1394704290,16,Google Chrome
1394710791,1394710840,49,Google Chrome
1394726460,1394734591,8131,Google Chrome
1394740563,1394741026,463,Google Chrome
1394741461,1394742391,930,Google Chrome
1394776825,1394776951,126,Google Chrome
1394778149,1394778900,751,Google Chrome
1394783246,1394783461,215,Google Chrome
1394805660,1394819296,13636,Google Chrome
1394819731,1394825730,5999,Google Chrome
1394826750,1394827667,917,Google Chrome
1394833212,1394833471,259,Google Chrome
1394866609,1394873153,6544,Google Chrome
1394876580,1394876670,90,Google Chrome
1394882690,1394882820,130,Google Chrome
1394883250,1394890666,7416,Google Chrome
1394895455,1394895735,280,Google Chrome
1394899063,1394899256,193,Google Chrome
1394901447,1394906927,5480,Google Chrome
1394907420,1394908920,1500,Google Chrome
1394909716,1394910136,420,Google Chrome
1394910706,1394911620,914,Google Chrome
1394912400,1394913180,780,Google Chrome
1394915055,1394918760,3705,Google Chrome
1394920246,1394920260,14,Google Chrome
1394921687,1394922376,689,Google Chrome
1394922795,1394923816,1021,Google Chrome
1394924987,1394925016,29,Google Chrome
1394925492,1394925903,411,Google Chrome
1394932342,1394932396,54,Google Chrome
1394938892,1394938967,75,Google Chrome
1394945428,1394945443,15,Google Chrome
1394961292,1394964234,2942,Google Chrome
1394966242,1394968455,2213,Google Chrome
1394973594,1394975409,1815,Google Chrome
1394975975,1394976540,565,Google Chrome
1394977247,1394977696,449,Google Chrome
1394978791,1394979676,885,Google Chrome
1394980200,1394981117,917,Google Chrome
1394981492,1394981581,89,Google Chrome
1394983471,1394984671,1200,Google Chrome
1394985916,1394985931,15,Google Chrome
1394987401,1394987432,31,Google Chrome
1394989292,1394990930,1638,Google Chrome
1394997398,1394997436,38,Google Chrome
1394999791,1395000275,484,Google Chrome
1395000987,1395004424,3437,Google Chrome
1395036540,1395036887,347,Google Chrome
1395038048,1395038293,245,Google Chrome
1395073155,1395075406,2251,Google Chrome
1395075946,1395076441,495,Google Chrome
1395079116,1395080447,1331,Google Chrome
1395083202,1395084819,1617,Google Chrome
1395085981,1395086387,406,Google Chrome
1395088049,1395088727,678,Google Chrome
1395092382,1395092672,290,Google Chrome
1395123751,1395123960,209,Google Chrome
1395127488,1395127620,132,Google Chrome
1395129403,1395135647,6244,Google Chrome
1395161092,1395161562,470,Google Chrome
1395168169,1395169748,1579,Google Chrome
1395171370,1395172865,1495,Google Chrome
1395174380,1395177369,2989,Google Chrome
1395178482,1395179019,537,Google Chrome
1395180556,1395180724,168,Google Chrome
1395182179,1395182340,161,Google Chrome
1395221040,1395221380,340,Google Chrome
1395222769,1395223721,952,Google Chrome
1395227866,1395231376,3510,Google Chrome
1395231931,1395231993,62,Google Chrome
1395247678,1395248040,362,Google Chrome
1395248442,1395248655,213,Google Chrome
1395251856,1395256207,4351,Google Chrome
1395258761,1395259206,445,Google Chrome
1395259821,1395260102,281,Google Chrome
1395262109,1395262427,318,Google Chrome
1395263014,1395263446,432,Google Chrome
1395263970,1395266199,2229,Google Chrome
1395295741,1395295936,195,Google Chrome
1395296742,1395297048,306,Google Chrome
1395302374,1395302687,313,Google Chrome
1395303615,1395304540,925,Google Chrome
1395335757,1395336946,1189,Google Chrome
1395341778,1395342005,227,Google Chrome
1395346045,1395346707,662,Google Chrome
1395347070,1395347326,256,Google Chrome
1395352696,1395352794,98,Google Chrome
1395382119,1395382433,314,Google Chrome
1395388583,1395388737,154,Google Chrome
1395414924,1395415378,454,Google Chrome
1395418963,1395419087,124,Google Chrome
1395420417,1395422807,2390,Google Chrome
1395427089,1395429298,2209,Google Chrome
1395434874,1395440267,5393,Google Chrome
1395441995,1395442171,176,Google Chrome
1395477508,1395478648,1140,Google Chrome
1395484520,1395484910,390,Google Chrome
1395492435,1395493171,736,Google Chrome
1395493667,1395500137,6470,Google Chrome
1395511637,1395511960,323,Google Chrome
1395512765,1395514163,1398,Google Chrome
1395516948,1395517105,157,Google Chrome
1395520832,1395525794,4962,Google Chrome
1395564960,1395567207,2247,Google Chrome
1395574181,1395574339,158,Google Chrome
1395577896,1395578006,110,Google Chrome
1395580819,1395583276,2457,Google Chrome
1395585221,1395585354,133,Google Chrome
1395594799,1395595304,505,Google Chrome
1395605004,1395605155,151,Google Chrome
1395607119,1395607262,143,Google Chrome
1395611871,1395611944,73,Google Chrome
1395642408,1395642637,229,Google Chrome
1395646233,1395646350,117,Google Chrome
1395652053,1395654684,2631,Google Chrome
1395668139,1395668247,108,Google Chrome
1395687148,1395688199,1051,Google Chrome
1395691020,1395691296,276,Google Chrome
1395693208,1395693737,529,Google Chrome
1395694499,1395694945,446,Google Chrome
1395699024,1395699232,208,Google Chrome
1395727735,1395727890,155,Google Chrome
1395728831,1395728935,104,Google Chrome
1395749514,1395749632,118,Google Chrome
1395767777,1395768574,797,Google Chrome
1395770889,1395772783,1894,Google Chrome
1395773377,1395773605,228,Google Chrome
1395775101,1395775438,337,Google Chrome
1395777478,1395777895,417,Google Chrome
1395778740,1395782150,3410,Google Chrome
1395813649,1395813760,111,Google Chrome
1395814556,1395814859,303,Google Chrome
1395841041,1395841127,86,Google Chrome
1395847603,1395847689,86,Google Chrome
1395854153,1395854223,70,Google Chrome
1395855805,1395855947,142,Google Chrome
1395859916,1395860636,720,Google Chrome
1395867277,1395869645,2368,Google Chrome
1395899700,1395899911,211,Google Chrome
1395901178,1395901349,171,Google Chrome
1395940776,1395945221,4445,Google Chrome
1395949596,1395950266,670,Google Chrome
1395951840,1395952059,219,Google Chrome
1395958519,1395958589,70,Google Chrome
1395965054,1395965122,68,Google Chrome
1395971580,1395971627,47,Google Chrome
1395986917,1395987763,846,Google Chrome
1395988723,1395989087,364,Google Chrome
1395993580,1395994544,964,Google Chrome
1396014261,1396016945,2684,Google Chrome
1396020720,1396022512,1792,Google Chrome
1396029638,1396035682,6044,Google Chrome
1396039544,1396040081,537,Google Chrome
1396077440,1396079092,1652,Google Chrome
1396085916,1396086001,85,Google Chrome
1396112134,1396114620,2486,Google Chrome
1396115978,1396116977,999,Google Chrome
1396120495,1396123111,2616,Google Chrome
1396123531,1396125091,1560,Google Chrome
1396132095,1396132407,312,Google Chrome
1396134452,1396134599,147,Google Chrome
1396135162,1396135660,498,Google Chrome
1396142121,1396142160,39,Google Chrome
1396152254,1396152324,70,Google Chrome
1396158780,1396158826,46,Google Chrome
1396169904,1396170721,817,Google Chrome
1396172260,1396175400,3140,Google Chrome
1396175851,1396176420,569,Google Chrome
1396177006,1396177395,389,Google Chrome
1396177980,1396178386,406,Google Chrome
1396189200,1396190026,826,Google Chrome
1396190431,1396190491,60,Google Chrome
1396194900,1396195171,271,Google Chrome
1396197092,1396198576,1484,Google Chrome
1396204351,1396205101,750,Google Chrome
1396212855,1396212909,54,Google Chrome
1396214161,1396214327,166,Google Chrome
1396215393,1396215587,194,Google Chrome
1396218091,1396218120,29,Google Chrome
1396247418,1396247523,105,Google Chrome
1396248455,1396248708,253,Google Chrome
1396252140,1396252246,106,Google Chrome
1396254091,1396257315,3224,Google Chrome
1396257960,1396258001,41,Google Chrome
1396281216,1396284931,3715,Google Chrome
1396291381,1396291455,74,Google Chrome
1396292786,1396294860,2074,Google Chrome
1396302886,1396303066,180,Google Chrome
1396332973,1396333308,335,Google Chrome
1396373611,1396374860,1249,Google Chrome
1396380237,1396381159,922,Google Chrome
1396384528,1396384712,184,Google Chrome
1396389818,1396389926,108,Google Chrome
1396418936,1396419083,147,Google Chrome
1396419984,1396420169,185,Google Chrome
1396458268,1396458405,137,Google Chrome
1396463958,1396465071,1113,Google Chrome
1396474137,1396474222,85,Google Chrome
1396476534,1396476737,203,Google Chrome
1396479431,1396479691,260,Google Chrome
1396507418,1396508199,781,Google Chrome
1396509175,1396509452,277,Google Chrome
1396513621,1396517356,3735,Google Chrome
1396517776,1396517880,104,Google Chrome
1396518241,1396519335,1094,Google Chrome
1396540708,1396546678,5970,Google Chrome
1396551633,1396551955,322,Google Chrome
1396557100,1396560616,3516,Google Chrome
1396560991,1396562911,1920,Google Chrome
1396567007,1396567292,285,Google Chrome
1396595318,1396595450,132,Google Chrome
1396596707,1396598777,2070,Google Chrome
1396603020,1396603320,300,Google Chrome
1396604220,1396606080,1860,Google Chrome
1396617526,1396617751,225,Google Chrome
1396629331,1396630651,1320,Google Chrome
1396632571,1396634220,1649,Google Chrome
1396634655,1396634791,136,Google Chrome
1396635376,1396636335,959,Google Chrome
1396641076,1396641152,76,Google Chrome
1396644195,1396644408,213,Google Chrome
1396646520,1396646926,406,Google Chrome
1396653411,1396653467,56,Google Chrome
1396659960,1396659992,32,Google Chrome
1396666478,1396666531,53,Google Chrome
1396683600,1396683873,273,Google Chrome
1396688224,1396690320,2096,Google Chrome
1396691027,1396695015,3988,Google Chrome
1396695931,1396696996,1065,Google Chrome
1396698549,1396698676,127,Google Chrome
1396699227,1396699260,33,Google Chrome
1396701920,1396702261,341,Google Chrome
1396705151,1396705800,649,Google Chrome
1396708921,1396713453,4532,Google Chrome
1396713877,1396714217,340,Google Chrome
1396719875,1396719916,41,Google Chrome
1396727780,1396727927,147,Google Chrome
1396731107,1396731780,673,Google Chrome
1396733167,1396733671,504,Google Chrome
1396734963,1396735516,553,Google Chrome
1396736850,1396737106,256,Google Chrome
1396738668,1396739251,583,Google Chrome
1396741116,1396741411,295,Google Chrome
1396773016,1396776076,3060,Google Chrome
1396778228,1396778611,383,Google Chrome
1396780524,1396780800,276,Google Chrome
1396781661,1396781867,206,Google Chrome
1396784674,1396785900,1226,Google Chrome
1396787069,1396790267,3198,Google Chrome
1396817150,1396817327,177,Google Chrome
1396820231,1396825275,5044,Google Chrome
1396825668,1396826023,355,Google Chrome
1396851041,1396851120,79,Google Chrome
1396852011,1396852260,249,Google Chrome
1396853501,1396853940,439,Google Chrome
1396873822,1396875706,1884,Google Chrome
1396877718,1396878000,282,Google Chrome
1396884747,1396890660,5913,Google Chrome
1396891036,1396891995,959,Google Chrome
1396898472,1396898554,82,Google Chrome
1396899213,1396899391,178,Google Chrome
1396900434,1396902235,1801,Google Chrome
1396903828,1396904056,228,Google Chrome
1396906190,1396906367,177,Google Chrome
1396907352,1396907820,468,Google Chrome
1396908786,1396909066,280,Google Chrome
1396936841,1396936889,48,Google Chrome
1396937862,1396939051,1189,Google Chrome
1396975647,1396975755,108,Google Chrome
1396976905,1396977660,755,Google Chrome
1396981174,1396984053,2879,Google Chrome
1396987090,1396987396,306,Google Chrome
1396989141,1396990846,1705,Google Chrome
1396994640,1396994972,332,Google Chrome
1397001457,1397001545,88,Google Chrome
1397007991,1397008078,87,Google Chrome
1397014543,1397014575,32,Google Chrome
1397023251,1397023396,145,Google Chrome
1397024550,1397024690,140,Google Chrome
1397045030,1397045371,341,Google Chrome
1397046957,1397049403,2446,Google Chrome
1397061774,1397062800,1026,Google Chrome
1397066786,1397067540,754,Google Chrome
1397069230,1397069489,259,Google Chrome
1397073279,1397074357,1078,Google Chrome
1397077923,1397080291,2368,Google Chrome
1397113218,1397113291,73,Google Chrome
1397114321,1397114447,126,Google Chrome
1397118417,1397118756,339,Google Chrome
1397123550,1397123837,287,Google Chrome
1397130317,1397130406,89,Google Chrome
1397136870,1397136900,30,Google Chrome
1397143386,1397143440,54,Google Chrome
1397148778,1397148840,62,Google Chrome
1397150952,1397151047,95,Google Chrome
1397154036,1397154555,519,Google Chrome
1397157850,1397157948,98,Google Chrome
1397163977,1397167531,3554,Google Chrome
1397169934,1397170124,190,Google Chrome
1397199919,1397199935,16,Google Chrome
1397207595,1397210696,3101,Google Chrome
1397222206,1397223855,1649,Google Chrome
1397226162,1397226429,267,Google Chrome
1397235995,1397239967,3972,Google Chrome
1397240960,1397241715,755,Google Chrome
1397245895,1397246032,137,Google Chrome
1397252492,1397252562,70,Google Chrome
1397292264,1397294230,1966,Google Chrome
1397298464,1397299111,647,Google Chrome
1397305478,1397305776,298,Google Chrome
1397306521,1397309610,3089,Google Chrome
1397315039,1397315412,373,Google Chrome
1397317635,1397317669,34,Google Chrome
1397319940,1397320029,89,Google Chrome
1397323562,1397326380,2818,Google Chrome
1397326756,1397327983,1227,Google Chrome
1397330242,1397330496,254,Google Chrome
1397332641,1397333356,715,Google Chrome
1397335980,1397336312,332,Google Chrome
1397338216,1397338558,342,Google Chrome
1397339867,1397340347,480,Google Chrome
1397341661,1397342191,530,Google Chrome
1397343636,1397344021,385,Google Chrome
1397373710,1397374247,537,Google Chrome
1397379501,1397384336,4835,Google Chrome
1397389077,1397391549,2472,Google Chrome
1397397699,1397398489,790,Google Chrome
1397401740,1397402566,826,Google Chrome
1397404247,1397404322,75,Google Chrome
1397405079,1397405116,37,Google Chrome
1397410546,1397410636,90,Google Chrome
1397417126,1397417205,79,Google Chrome
1397417573,1397417824,251,Google Chrome
1397419429,1397420153,724,Google Chrome
1397421601,1397422205,604,Google Chrome
1397423340,1397423960,620,Google Chrome
1397424946,1397425440,494,Google Chrome
1397426791,1397427250,459,Google Chrome
1397429539,1397429790,251,Google Chrome
1397430663,1397430883,220,Google Chrome
1397465120,1397467127,2007,Google Chrome
1397470630,1397470974,344,Google Chrome
1397472646,1397473744,1098,Google Chrome
1397488115,1397488441,326,Google Chrome
1397492473,1397492654,181,Google Chrome
1397497719,1397497811,92,Google Chrome
1397498801,1397500101,1300,Google Chrome
1397502998,1397504055,1057,Google Chrome
1397505240,1397505713,473,Google Chrome
1397507210,1397507570,360,Google Chrome
1397511054,1397511499,445,Google Chrome
1397512379,1397512770,391,Google Chrome
1397515559,1397515910,351,Google Chrome
1397517795,1397518380,585,Google Chrome
1397549384,1397549949,565,Google Chrome
1397560336,1397563215,2879,Google Chrome
1397566200,1397566281,81,Google Chrome
1397569020,1397569784,764,Google Chrome
1397571561,1397573835,2274,Google Chrome
1397589253,1397589672,419,Google Chrome
1397593984,1397594398,414,Google Chrome
1397595117,1397596130,1013,Google Chrome
1397599478,1397600163,685,Google Chrome
1397601744,1397601976,232,Google Chrome
1397602869,1397603016,147,Google Chrome
1397636010,1397636174,164,Google Chrome
1397639443,1397641447,2004,Google Chrome
1397643677,1397644004,327,Google Chrome
1397647220,1397647318,98,Google Chrome
1397656559,1397656749,190,Google Chrome
1397658315,1397659546,1231,Google Chrome
1397666578,1397666700,122,Google Chrome
1397674296,1397675342,1046,Google Chrome
1397676914,1397678580,1666,Google Chrome
1397681413,1397681899,486,Google Chrome
1397682826,1397686456,3630,Google Chrome
1397692917,1397692985,68,Google Chrome
1397699450,1397699520,70,Google Chrome
1397705985,1397706015,30,Google Chrome
1397718036,1397718167,131,Google Chrome
1397722515,1397722736,221,Google Chrome
1397724858,1397724916,58,Google Chrome
1397731584,1397732402,818,Google Chrome
1397737524,1397737702,178,Google Chrome
1397740911,1397741032,121,Google Chrome
1397747901,1397748121,220,Google Chrome
1397755934,1397756778,844,Google Chrome
1397768804,1397771175,2371,Google Chrome
1397776933,1397777032,99,Google Chrome
1397814144,1397814269,125,Google Chrome
1397817195,1397817538,343,Google Chrome
1397818561,1397818620,59,Google Chrome
1397820335,1397820975,640,Google Chrome
1397829752,1397830698,946,Google Chrome
1397837143,1397837227,84,Google Chrome
1397841180,1397844205,3025,Google Chrome
1397845035,1397846431,1396,Google Chrome
1397850802,1397851193,391,Google Chrome
1397853821,1397854269,448,Google Chrome
1397855699,1397855920,221,Google Chrome
1397857172,1397857715,543,Google Chrome
1397858753,1397859184,431,Google Chrome
1397860230,1397865600,5370,Google Chrome
1397865600,1397867200,1600,Google Chrome
1397873661,1397873700,39,Google Chrome
1397880180,1397880266,86,Google Chrome
1397886729,1397886764,35,Google Chrome
1397895697,1397896107,410,Google Chrome
1397907087,1397909499,2412,Google Chrome
1397919563,1397919840,277,Google Chrome
1397934775,1397934888,113,Google Chrome
1397937051,1397937560,509,Google Chrome
1397946660,1397947006,346,Google Chrome
1397951412,1397951600,188,Google Chrome
1397983260,1397983367,107,Google Chrome
1397987172,1397987770,598,Google Chrome
1397995021,1397995803,782,Google Chrome
1398023904,1398024850,946,Google Chrome
1398033440,1398034096,656,Google Chrome
1398034522,1398036320,1798,Google Chrome
1398067860,1398068006,146,Google Chrome
1398076481,1398076919,438,Google Chrome
1398077733,1398078308,575,Google Chrome
1398079846,1398088500,8654,Google Chrome
1398088875,1398089439,564,Google Chrome
1398090439,1398094472,4033,Google Chrome
1398094876,1398096616,1740,Google Chrome
1398097335,1398098625,1290,Google Chrome
1398100220,1398100755,535,Google Chrome
1398103849,1398104911,1062,Google Chrome
1398107738,1398108113,375,Google Chrome
1398110098,1398110327,229,Google Chrome
1398113181,1398113773,592,Google Chrome
1398114529,1398115060,531,Google Chrome
1398116738,1398117222,484,Google Chrome
1398117874,1398118156,282,Google Chrome
1398120453,1398120884,431,Google Chrome
1398122440,1398122699,259,Google Chrome
1398155376,1398155645,269,Google Chrome
1398160971,1398161193,222,Google Chrome
1398174600,1398174634,34,Google Chrome
1398175067,1398176688,1621,Google Chrome
1398183346,1398184679,1333,Google Chrome
1398196069,1398196396,327,Google Chrome
1398198777,1398201413,2636,Google Chrome
1398204151,1398204660,509,Google Chrome
1398207966,1398208401,435,Google Chrome
1398237247,1398238215,968,Google Chrome
1398239068,1398239818,750,Google Chrome
1398250169,1398253553,3384,Google Chrome
1398256941,1398257243,302,Google Chrome
1398257683,1398258556,873,Google Chrome
1398259156,1398259531,375,Google Chrome
1398259966,1398260131,165,Google Chrome
1398260611,1398260971,360,Google Chrome
1398261391,1398262711,1320,Google Chrome
1398263655,1398264467,812,Google Chrome
1398264916,1398266040,1124,Google Chrome
1398267376,1398268951,1575,Google Chrome
1398269700,1398272176,2476,Google Chrome
1398273692,1398274067,375,Google Chrome
1398276382,1398276719,337,Google Chrome
1398300873,1398301663,790,Google Chrome
1398337276,1398337399,123,Google Chrome
1398339211,1398339227,16,Google Chrome
1398339767,1398340711,944,Google Chrome
1398341251,1398341626,375,Google Chrome
1398356251,1398356795,544,Google Chrome
1398358591,1398359280,689,Google Chrome
1398360389,1398360780,391,Google Chrome
1398362896,1398363212,316,Google Chrome
1398363827,1398364127,300,Google Chrome
1398365011,1398365806,795,Google Chrome
1398366316,1398367681,1365,Google Chrome
1398369647,1398370607,960,Google Chrome
1398371093,1398374266,3173,Google Chrome
1398375076,1398375586,510,Google Chrome
1398376231,1398377225,994,Google Chrome
1398381569,1398381827,258,Google Chrome
1398383415,1398384000,585,Google Chrome
1398384000,1398384282,282,Google Chrome
1398412483,1398412557,74,Google Chrome
1398414590,1398416100,1510,Google Chrome
1398428356,1398430500,2144,Google Chrome
1398431507,1398431671,164,Google Chrome
1398435571,1398439560,3989,Google Chrome
1398444676,1398449055,4379,Google Chrome
1398449507,1398451607,2100,Google Chrome
1398452176,1398452236,60,Google Chrome
1398452611,1398452971,360,Google Chrome
1398455986,1398456076,90,Google Chrome
1398459047,1398459376,329,Google Chrome
1398460936,1398461295,359,Google Chrome
1398462540,1398462980,440,Google Chrome
1398464036,1398464507,471,Google Chrome
1398467354,1398468647,1293,Google Chrome
1398500810,1398505778,4968,Google Chrome
1398506838,1398506929,91,Google Chrome
1398511396,1398511487,91,Google Chrome
1398512672,1398512866,194,Google Chrome
1398513871,1398514275,404,Google Chrome
1398516206,1398517140,934,Google Chrome
1398517592,1398517750,158,Google Chrome
1398521867,1398521920,53,Google Chrome
1398528374,1398528449,75,Google Chrome
1398534095,1398534595,500,Google Chrome
1398536580,1398536996,416,Google Chrome
1398542191,1398542508,317,Google Chrome
1398545412,1398545908,496,Google Chrome
1398547278,1398548131,853,Google Chrome
1398551546,1398554792,3246,Google Chrome
1398555676,1398556020,344,Google Chrome
1398556848,1398556940,92,Google Chrome
1398590657,1398590760,103,Google Chrome
1398594845,1398597451,2606,Google Chrome
1398598831,1398600436,1605,Google Chrome
1398601200,1398606000,4800,Google Chrome
1398606647,1398606676,29,Google Chrome
1398623176,1398624612,1436,Google Chrome
1398626268,1398626902,634,Google Chrome
1398631392,1398632039,647,Google Chrome
1398633146,1398633739,593,Google Chrome
1398634679,1398635191,512,Google Chrome
1398636987,1398637171,184,Google Chrome
1398637928,1398638094,166,Google Chrome
1398664860,1398664936,76,Google Chrome
1398665718,1398665917,199,Google Chrome
1398668345,1398668924,579,Google Chrome
1398688507,1398689280,773,Google Chrome
1398690258,1398691770,1512,Google Chrome
1398698898,1398699523,625,Google Chrome
1398705983,1398705998,15,Google Chrome
1398712496,1398712588,92,Google Chrome
1398718220,1398726114,7894,Google Chrome
1398751252,1398751320,68,Google Chrome
1398752326,1398752562,236,Google Chrome
1398786840,1398788180,1340,Google Chrome
1398795540,1398796651,1111,Google Chrome
1398797236,1398797311,75,Google Chrome
1398798180,1398798871,691,Google Chrome
1398799566,1398803807,4241,Google Chrome
1398804495,1398804527,32,Google Chrome
1398804992,1398805907,915,Google Chrome
1398808020,1398808380,360,Google Chrome
1398810255,1398810306,51,Google Chrome
1398837643,1398837709,66,Google Chrome
1398838863,1398838980,117,Google Chrome
1398859876,1398860794,918,Google Chrome
1398875904,1398876182,278,Google Chrome
1398883581,1398884792,1211,Google Chrome
1398885659,1398885733,74,Google Chrome
1398887830,1398888303,473,Google Chrome
1398890971,1398891945,974,Google Chrome
1398892860,1398893280,420,Google Chrome
1398896008,1398896335,327,Google Chrome
1398898836,1398899104,268,Google Chrome
1398931140,1398931216,76,Google Chrome
1398936109,1398936820,711,Google Chrome
1398943272,1398943349,77,Google Chrome
1398945541,1398949756,4215,Google Chrome
1398962160,1398962310,150,Google Chrome
1398964036,1398968944,4908,Google Chrome
1398969439,1398969498,59,Google Chrome
1398972900,1398973584,684,Google Chrome
1398974877,1398974995,118,Google Chrome
1398977522,1398978025,503,Google Chrome
1398979620,1398979937,317,Google Chrome
1398982982,1398983295,313,Google Chrome
1399014526,1399015193,667,Google Chrome
1399016337,1399016587,250,Google Chrome
1399021267,1399021832,565,Google Chrome
1399036310,1399036463,153,Google Chrome
1399038989,1399039336,347,Google Chrome
1399041768,1399042378,610,Google Chrome
1399047021,1399048232,1211,Google Chrome
1399053993,1399055806,1813,Google Chrome
1399056473,1399056736,263,Google Chrome
1399240620,1399241267,647,Google Chrome
1399243380,1399244266,886,Google Chrome
1399270844,1399271119,275,Google Chrome
1399272205,1399272338,133,Google Chrome
1399278780,1399278872,92,Google Chrome
1399285320,1399285410,90,Google Chrome
1399286584,1399288051,1467,Google Chrome
1399291067,1399294531,3464,Google Chrome
1399303696,1399307579,3883,Google Chrome
1399310940,1399311068,128,Google Chrome
1399311658,1399311989,331,Google Chrome
1399318469,1399319222,753,Google Chrome
1399320965,1399326527,5562,Google Chrome
1399327632,1399328417,785,Google Chrome
1399330306,1399331773,1467,Google Chrome
1399357301,1399357621,320,Google Chrome
1399360716,1399361170,454,Google Chrome
1399395960,1399398000,2040,Google Chrome
1399398512,1399402951,4439,Google Chrome
1399404912,1399405152,240,Google Chrome
1399406581,1399407065,484,Google Chrome
1399408800,1399409253,453,Google Chrome
1399410167,1399410925,758,Google Chrome
1399412160,1399412446,286,Google Chrome
1399415649,1399416065,416,Google Chrome
1399417339,1399417800,461,Google Chrome
1399424292,1399424324,32,Google Chrome
1399430810,1399430858,48,Google Chrome
1399437343,1399437359,16,Google Chrome
1399443413,1399443780,367,Google Chrome
1399446757,1399447430,673,Google Chrome
1399464474,1399465475,1001,Google Chrome
1399481378,1399481460,82,Google Chrome
1399482823,1399487911,5088,Google Chrome
1399488452,1399490296,1844,Google Chrome
1399492785,1399492923,138,Google Chrome
1399497323,1399497932,609,Google Chrome
1399499479,1399500736,1257,Google Chrome
1399501141,1399504089,2948,Google Chrome
1399510540,1399510622,82,Google Chrome
1399517073,1399517155,82,Google Chrome
1399532457,1399532663,206,Google Chrome
1399533661,1399533876,215,Google Chrome
1399537651,1399538700,1049,Google Chrome
1399568764,1399573352,4588,Google Chrome
1399574011,1399574148,137,Google Chrome
1399574655,1399574700,45,Google Chrome
1399578585,1399579362,777,Google Chrome
1399582109,1399582581,472,Google Chrome
1399583820,1399584601,781,Google Chrome
1399585859,1399586747,888,Google Chrome
1399618826,1399618952,126,Google Chrome
1399625406,1399626278,872,Google Chrome
1399629295,1399630127,832,Google Chrome
1399651233,1399651378,145,Google Chrome
1399657828,1399658327,499,Google Chrome
1399664820,1399666007,1187,Google Chrome
1399666516,1399667735,1219,Google Chrome
1399669022,1399669692,670,Google Chrome
1399670205,1399673782,3577,Google Chrome
1399714130,1399714247,117,Google Chrome
1399717989,1399718579,590,Google Chrome
1399721333,1399725754,4421,Google Chrome
1399730690,1399737136,6446,Google Chrome
1399741516,1399741680,164,Google Chrome
1399742627,1399742792,165,Google Chrome
1399743969,1399747412,3443,Google Chrome
1399748476,1399748836,360,Google Chrome
1399753438,1399754536,1098,Google Chrome
1399758196,1399758556,360,Google Chrome
1399760069,1399760460,391,Google Chrome
1399761978,1399762320,342,Google Chrome
1399792638,1399792831,193,Google Chrome
1399796399,1399799955,3556,Google Chrome
1399804948,1399805055,107,Google Chrome
1399835455,1399837308,1853,Google Chrome
1399838281,1399838386,105,Google Chrome
1399840411,1399842420,2009,Google Chrome
1399844281,1399844747,466,Google Chrome
1399845733,1399846096,363,Google Chrome
1399847597,1399847760,163,Google Chrome
1399854242,1399854276,34,Google Chrome
1399860776,1399860828,52,Google Chrome
1399867310,1399867358,48,Google Chrome
1399878952,1399878968,16,Google Chrome
1399883112,1399883552,440,Google Chrome
1399883954,1399884495,541,Google Chrome
1399903131,1399903611,480,Google Chrome
1399909834,1399911780,1946,Google Chrome
1399912291,1399912396,105,Google Chrome
1399912765,1399912980,215,Google Chrome
1399919619,1399920032,413,Google Chrome
1399922314,1399922447,133,Google Chrome
1399924838,1399925086,248,Google Chrome
1399925939,1399929796,3857,Google Chrome
1399932724,1399932886,162,Google Chrome
1399961866,1399961940,74,Google Chrome
1399968416,1399968452,36,Google Chrome
1399974954,1399975003,49,Google Chrome
1399981487,1399981535,48,Google Chrome
1399990209,1399990576,367,Google Chrome
1399991586,1399992168,582,Google Chrome
1399997013,1399997422,409,Google Chrome
1399998241,1399998527,286,Google Chrome
1400003395,1400003634,239,Google Chrome
1400004888,1400007272,2384,Google Chrome
1400009941,1400010000,59,Google Chrome
1400019816,1400019947,131,Google Chrome
1400048148,1400048199,51,Google Chrome
1400059287,1400060326,1039,Google Chrome
1400068304,1400068321,17,Google Chrome
1400068764,1400068805,41,Google Chrome
1400071654,1400072040,386,Google Chrome
1400086081,1400086907,826,Google Chrome
1400087340,1400088168,828,Google Chrome
1400094636,1400094736,100,Google Chrome
1400095150,1400095299,149,Google Chrome
1400099666,1400099716,50,Google Chrome
1400103120,1400103811,691,Google Chrome
1400110287,1400110375,88,Google Chrome
1400116839,1400116876,37,Google Chrome
1400123372,1400123400,28,Google Chrome
1400133659,1400133720,61,Google Chrome
1400134665,1400134697,32,Google Chrome
1400138396,1400139360,964,Google Chrome
1400173825,1400175549,1724,Google Chrome
1400182613,1400189987,7374,Google Chrome
1400191500,1400192580,1080,Google Chrome
1400192987,1400195566,2579,Google Chrome
1400197749,1400197801,52,Google Chrome
1400204280,1400204327,47,Google Chrome
1400210807,1400210855,48,Google Chrome
1400217341,1400217390,49,Google Chrome
1400223648,1400223779,131,Google Chrome
1400225011,1400226000,989,Google Chrome
1400226451,1400231476,5025,Google Chrome
1400233056,1400233189,133,Google Chrome
1400235277,1400235344,67,Google Chrome
1400242434,1400242487,53,Google Chrome
1400249141,1400249208,67,Google Chrome
1400251021,1400251176,155,Google Chrome
1400251767,1400252354,587,Google Chrome
1400258326,1400260969,2643,Google Chrome
1400270208,1400270635,427,Google Chrome
1400272380,1400274271,1891,Google Chrome
1400274693,1400279760,5067,Google Chrome
1400281655,1400282285,630,Google Chrome
1400313507,1400313647,140,Google Chrome
1400320380,1400323481,3101,Google Chrome
1400325915,1400327760,1845,Google Chrome
1400331045,1400331616,571,Google Chrome
1400336410,1400336911,501,Google Chrome
1400338051,1400346631,8580,Google Chrome
1400353114,1400353165,51,Google Chrome
1400359648,1400359698,50,Google Chrome
1400366181,1400366199,18,Google Chrome
1400375265,1400375327,62,Google Chrome
1400400962,1400401103,141,Google Chrome
1400405541,1400406968,1427,Google Chrome
1400413800,1400414233,433,Google Chrome
1400417918,1400417986,68,Google Chrome
1400431807,1400440042,8235,Google Chrome
1400446379,1400446832,453,Google Chrome
1400448350,1400448827,477,Google Chrome
1400449927,1400450256,329,Google Chrome
1400451523,1400451857,334,Google Chrome
1400458316,1400458387,71,Google Chrome
1400464834,1400464951,117,Google Chrome
1400479234,1400479375,141,Google Chrome
1400480334,1400480496,162,Google Chrome
1400513457,1400513553,96,Google Chrome
1400520119,1400522656,2537,Google Chrome
1400523136,1400523527,391,Google Chrome
1400526868,1400526977,109,Google Chrome
1400530626,1400533378,2752,Google Chrome
1400565703,1400565752,49,Google Chrome
1400566631,1400566942,311,Google Chrome
1400603798,1400603878,80,Google Chrome
1400615624,1400617647,2023,Google Chrome
1400618882,1400619168,286,Google Chrome
1400621946,1400622420,474,Google Chrome
1400623676,1400623908,232,Google Chrome
1400630385,1400630400,15,Google Chrome
1400630400,1400630432,32,Google Chrome
1400636917,1400636967,50,Google Chrome
1400643452,1400643502,50,Google Chrome
1400660675,1400660855,180,Google Chrome
1400664071,1400664157,86,Google Chrome
1400667682,1400667886,204,Google Chrome
1400669424,1400669520,96,Google Chrome
1400670331,1400670399,68,Google Chrome
1400672754,1400672792,38,Google Chrome
1400675920,1400677772,1852,Google Chrome
1400678235,1400679227,992,Google Chrome
1400681760,1400682586,826,Google Chrome
1400683676,1400685311,1635,Google Chrome
1400686014,1400686338,324,Google Chrome
1400692928,1400693220,292,Google Chrome
1400694720,1400695127,407,Google Chrome
1400698345,1400700227,1882,Google Chrome
1400706809,1400707011,202,Google Chrome
1400708319,1400708627,308,Google Chrome
1400712347,1400712825,478,Google Chrome
1400719278,1400719294,16,Google Chrome
1400725794,1400725894,100,Google Chrome
1400742060,1400742213,153,Google Chrome
1400743192,1400743550,358,Google Chrome
1400747140,1400748101,961,Google Chrome
1400778758,1400778840,82,Google Chrome
1400782963,1400785729,2766,Google Chrome
1400788587,1400789331,744,Google Chrome
1400789761,1400793947,4186,Google Chrome
1400798461,1400798853,392,Google Chrome
1400828825,1400829138,313,Google Chrome
1400831732,1400832298,566,Google Chrome
1400835302,1400835555,253,Google Chrome
1400837932,1400838077,145,Google Chrome
1400850912,1400853529,2617,Google Chrome
1400854649,1400854865,216,Google Chrome
1400863335,1400863787,452,Google Chrome
1400865776,1400868115,2339,Google Chrome
1400869187,1400869732,545,Google Chrome
1400872261,1400872878,617,Google Chrome
1400875000,1400875367,367,Google Chrome
1400876655,1400884358,7703,Google Chrome
1400884942,1400889046,4104,Google Chrome
1400895523,1400895618,95,Google Chrome
1400902073,1400902129,56,Google Chrome
1400920801,1400921423,622,Google Chrome
1400925382,1400929065,3683,Google Chrome
1400933807,1400935197,1390,Google Chrome
1400936972,1400937736,764,Google Chrome
1400938367,1400943947,5580,Google Chrome
1400945131,1400947261,2130,Google Chrome
1400948401,1400949255,854,Google Chrome
1400950208,1400950232,24,Google Chrome
1400950654,1400950996,342,Google Chrome
1400951460,1400952616,1156,Google Chrome
1400953231,1400953366,135,Google Chrome
1400953860,1400954026,166,Google Chrome
1400954551,1400954641,90,Google Chrome
1400955466,1400955856,390,Google Chrome
1400956231,1400956547,316,Google Chrome
1400957341,1400958166,825,Google Chrome
1400962664,1400962741,77,Google Chrome
1400966712,1400967255,543,Google Chrome
1400968320,1400969280,960,Google Chrome
1400972656,1400973676,1020,Google Chrome
1401011083,1401013155,2072,Google Chrome
1401039782,1401041460,1678,Google Chrome
1401041987,1401042600,613,Google Chrome
1401043606,1401043620,14,Google Chrome
1401044280,1401045287,1007,Google Chrome
1401050542,1401050940,398,Google Chrome
1401052148,1401052471,323,Google Chrome
1401053806,1401054272,466,Google Chrome
1401055479,1401058440,2961,Google Chrome
1401058863,1401059520,657,Google Chrome
1401085120,1401086836,1716,Google Chrome
1401106111,1401107611,1500,Google Chrome
1401108047,1401108120,73,Google Chrome
1401108586,1401108707,121,Google Chrome
1401118021,1401118036,15,Google Chrome
1401118455,1401118696,241,Google Chrome
1401119791,1401119927,136,Google Chrome
1401120331,1401120466,135,Google Chrome
1401121232,1401121740,508,Google Chrome
1401122116,1401122400,284,Google Chrome
1401122820,1401124291,1471,Google Chrome
1401124891,1401125251,360,Google Chrome
1401125880,1401126887,1007,Google Chrome
1401127306,1401129451,2145,Google Chrome
1401132316,1401132870,554,Google Chrome
1401133530,1401133530,0,Google Chrome
1401133951,1401134026,75,Google Chrome
1401134416,1401134971,555,Google Chrome
1401135898,1401137071,1173,Google Chrome
1401138391,1401138512,121,Google Chrome
1401138991,1401140040,1049,Google Chrome
1401143831,1401144255,424,Google Chrome
1401171505,1401172080,575,Google Chrome
1401211022,1401211080,58,Google Chrome
1401217896,1401217929,33,Google Chrome
1401218455,1401219540,1085,Google Chrome
1401223396,1401223576,180,Google Chrome
1401224511,1401225272,761,Google Chrome
1401226977,1401227400,423,Google Chrome
1401228100,1401229127,1027,Google Chrome
1401230217,1401230867,650,Google Chrome
1401231863,1401232380,517,Google Chrome
1401238871,1401238902,31,Google Chrome
1401245386,1401245435,49,Google Chrome
1401251920,1401251968,48,Google Chrome
1401256849,1401256865,16,Google Chrome
1401257884,1401259531,1647,Google Chrome
1401278396,1401278445,49,Google Chrome
1401296868,1401299867,2999,Google Chrome
1401300255,1401301096,841,Google Chrome
1401303347,1401303676,329,Google Chrome
1401304380,1401305326,946,Google Chrome
1401307847,1401308131,284,Google Chrome
1401311116,1401311492,376,Google Chrome
1401313231,1401313667,436,Google Chrome
1401317476,1401318015,539,Google Chrome
1401318540,1401319307,767,Google Chrome
1401320461,1401320476,15,Google Chrome
1401363034,1401364336,1302,Google Chrome
1401369302,1401369320,18,Google Chrome
1401371457,1401374491,3034,Google Chrome
1401378507,1401379006,499,Google Chrome
1401387210,1401391351,4141,Google Chrome
1401392877,1401393196,319,Google Chrome
1401398794,1401399012,218,Google Chrome
1401400404,1401401040,636,Google Chrome
1401403759,1401406847,3088,Google Chrome
1401437140,1401438917,1777,Google Chrome
1401442276,1401442847,571,Google Chrome
1401444976,1401445352,376,Google Chrome
1401447480,1401447527,47,Google Chrome
1401448020,1401448635,615,Google Chrome
1401449312,1401449836,524,Google Chrome
1401451096,1401451276,180,Google Chrome
1401452207,1401452295,88,Google Chrome
1401453571,1401454067,496,Google Chrome
1401455747,1401455776,29,Google Chrome
1401456467,1401456600,133,Google Chrome
1401462916,1401463380,464,Google Chrome
1401464640,1401465135,495,Google Chrome
1401465767,1401467326,1559,Google Chrome
1401472130,1401472411,281,Google Chrome
1401477566,1401477636,70,Google Chrome
1401478378,1401479087,709,Google Chrome
1401480582,1401482356,1774,Google Chrome
1401482775,1401486227,3452,Google Chrome
1401491055,1401491312,257,Google Chrome
1401526010,1401526412,402,Google Chrome
1401532675,1401532892,217,Google Chrome
1401550240,1401550298,58,Google Chrome
1401558163,1401558300,137,Google Chrome
1401563666,1401564307,641,Google Chrome
1401566285,1401566687,402,Google Chrome
1401569642,1401570016,374,Google Chrome
1401571528,1401572492,964,Google Chrome
1401572903,1401573511,608,Google Chrome
1401574080,1401575040,960,Google Chrome
1401575767,1401575987,220,Google Chrome
1401577417,1401579316,1899,Google Chrome
1401617099,1401617160,61,Google Chrome
1401620688,1401621106,418,Google Chrome
1401622733,1401623340,607,Google Chrome
1401624328,1401625201,873,Google Chrome
1401626046,1401628298,2252,Google Chrome
1401638626,1401638747,121,Google Chrome
1401640367,1401640380,13,Google Chrome
1401643215,1401644820,1605,Google Chrome
1401647505,1401652817,5312,Google Chrome
1401658112,1401658427,315,Google Chrome
1401659474,1401660000,526,Google Chrome
1401690298,1401690579,281,Google Chrome
1401693890,1401693991,101,Google Chrome
1401711604,1401711660,56,Google Chrome
1401713514,1401715726,2212,Google Chrome
1401737193,1401737820,627,Google Chrome
1401740089,1401743280,3191,Google Chrome
1401743656,1401744347,691,Google Chrome
1401746073,1401747811,1738,Google Chrome
1401750276,1401750426,150,Google Chrome
1401756869,1401756955,86,Google Chrome
1401763417,1401763489,72,Google Chrome
1401769953,1401769980,27,Google Chrome
1401776357,1401776651,294,Google Chrome
1401808938,1401809087,149,Google Chrome
1401815038,1401816016,978,Google Chrome
1401818447,1401823243,4796,Google Chrome
1401825542,1401826617,1075,Google Chrome
1401827521,1401827977,456,Google Chrome
1401829487,1401830198,711,Google Chrome
1401831340,1401831900,560,Google Chrome
1401862477,1401862532,55,Google Chrome
1401899908,1401900042,134,Google Chrome
1401901357,1401910006,8649,Google Chrome
1401911507,1401911835,328,Google Chrome
1401912507,1401912587,80,Google Chrome
1401917443,1401917520,77,Google Chrome
1401920840,1401920942,102,Google Chrome
1401952587,1401953846,1259,Google Chrome
1401956176,1401957060,884,Google Chrome
1401962672,1401963136,464,Google Chrome
1401986151,1401986447,296,Google Chrome
1401997583,1401997651,68,Google Chrome
1401999480,1402000380,900,Google Chrome
1402000891,1402002751,1860,Google Chrome
1402005964,1402006336,372,Google Chrome
1402007936,1402008075,139,Google Chrome
1402038505,1402039367,862,Google Chrome
1402045844,1402048532,2688,Google Chrome
1402055011,1402055091,80,Google Chrome
1402061079,1402061281,202,Google Chrome
1402072165,1402073027,862,Google Chrome
1402084585,1402084800,215,Google Chrome
1402091465,1402091867,402,Google Chrome
1402094867,1402096186,1319,Google Chrome
1402098900,1402099200,300,Google Chrome
1402099200,1402101840,2640,Google Chrome
1402127524,1402127674,150,Google Chrome
1402136058,1402137107,1049,Google Chrome
1402138847,1402139251,404,Google Chrome
1402147021,1402147156,135,Google Chrome
1402149338,1402151296,1958,Google Chrome
1402152170,1402152188,18,Google Chrome
1402160700,1402160732,32,Google Chrome
1402163185,1402163791,606,Google Chrome
1402168587,1402169955,1368,Google Chrome
1402171446,1402171607,161,Google Chrome
1402172221,1402172791,570,Google Chrome
1402174042,1402175400,1358,Google Chrome
1402177750,1402178176,426,Google Chrome
1402179170,1402179188,18,Google Chrome
1402186144,1402186276,132,Google Chrome
1402186956,1402187700,744,Google Chrome
1402216897,1402217580,683,Google Chrome
1402221505,1402222636,1131,Google Chrome
1402223660,1402228636,4976,Google Chrome
1402229807,1402230766,959,Google Chrome
1402231651,1402236256,4605,Google Chrome
1402238761,1402242600,3839,Google Chrome
1402252147,1402253327,1180,Google Chrome
1402254151,1402257930,3779,Google Chrome
1402258428,1402259926,1498,Google Chrome
1402260989,1402261275,286,Google Chrome
1402262463,1402265446,2983,Google Chrome
1402271871,1402272000,129,Google Chrome
1402272000,1402272121,121,Google Chrome
1402305709,1402306920,1211,Google Chrome
1402313396,1402313475,79,Google Chrome
1402319023,1402319341,318,Google Chrome
1402326137,1402326581,444,Google Chrome
1402346691,1402348667,1976,Google Chrome
1402394219,1402394250,31,Google Chrome
1402403110,1402404953,1843,Google Chrome
1402405816,1402407240,1424,Google Chrome
1402418657,1402419060,403,Google Chrome
1402422743,1402423411,668,Google Chrome
1402428841,1402429111,270,Google Chrome
1402433421,1402433791,370,Google Chrome
1402436223,1402436771,548,Google Chrome
1402437686,1402438440,754,Google Chrome
1402440229,1402440263,34,Google Chrome
1402446742,1402446825,83,Google Chrome
1402453292,1402453360,68,Google Chrome
1402459827,1402459861,34,Google Chrome
1402469316,1402471354,2038,Google Chrome
1402488187,1402488672,485,Google Chrome
1402490600,1402492859,2259,Google Chrome
1402505340,1402507867,2527,Google Chrome
1402516586,1402516914,328,Google Chrome
1402519814,1402520432,618,Google Chrome
1402521932,1402522662,730,Google Chrome
1402524316,1402524705,389,Google Chrome
1402553661,1402553983,322,Google Chrome
1402557768,1402557894,126,Google Chrome
1402591991,1402593695,1704,Google Chrome
1402600154,1402600169,15,Google Chrome
1402602505,1402605796,3291,Google Chrome
1402607452,1402607626,174,Google Chrome
1402609037,1402609396,359,Google Chrome
1402610644,1402612752,2108,Google Chrome
1402613483,1402614717,1234,Google Chrome
1402616390,1402616835,445,Google Chrome
1402650047,1402650768,721,Google Chrome
1402656751,1402658733,1982,Google Chrome
1402660211,1402660227,16,Google Chrome
1402665720,1402666052,332,Google Chrome
1402669055,1402669322,267,Google Chrome
1402672553,1402672902,349,Google Chrome
1402679359,1402680120,761,Google Chrome
1402681536,1402681755,219,Google Chrome
1402682360,1402685138,2778,Google Chrome
1402686850,1402690423,3573,Google Chrome
1402692212,1402692831,619,Google Chrome
1402694216,1402702854,8638,Google Chrome
1402703341,1402703499,158,Google Chrome
1402704016,1402704353,337,Google Chrome
1402710815,1402710880,65,Google Chrome
1402717350,1402717380,30,Google Chrome
1402723868,1402723954,86,Google Chrome
1402735566,1402735582,16,Google Chrome
1402740510,1402740967,457,Google Chrome
1402757859,1402758031,172,Google Chrome
1402766265,1402766476,211,Google Chrome
1402774873,1402775149,276,Google Chrome
1402775727,1402776233,506,Google Chrome
1402778401,1402778956,555,Google Chrome
1402780489,1402781011,522,Google Chrome
1402781678,1402782193,515,Google Chrome
1402783525,1402783771,246,Google Chrome
1402784191,1402790400,6209,Google Chrome
1402790400,1402793187,2787,Google Chrome
1402799646,1402799712,66,Google Chrome
1402806180,1402806246,66,Google Chrome
1402812715,1402812783,68,Google Chrome
1402825800,1402826087,287,Google Chrome
1402831320,1402832878,1558,Google Chrome
1402833384,1402833780,396,Google Chrome
1402839634,1402840132,498,Google Chrome
1402854467,1402855020,553,Google Chrome
1402855427,1402855471,44,Google Chrome
1402856507,1402859581,3074,Google Chrome
1402860000,1402861306,1306,Google Chrome
1402861755,1402862311,556,Google Chrome
1402867051,1402867535,484,Google Chrome
1402869504,1402870591,1087,Google Chrome
1402870996,1402872967,1971,Google Chrome
1402879411,1402879498,87,Google Chrome
1402885964,1402886032,68,Google Chrome
1402892499,1402892535,36,Google Chrome
1402899878,1402900083,205,Google Chrome
1402920284,1402920668,384,Google Chrome
1402922154,1402922191,37,Google Chrome
1402932193,1402932397,204,Google Chrome
1402938963,1402941729,2766,Google Chrome
1402944622,1402945543,921,Google Chrome
1402948352,1402950056,1704,Google Chrome
1402955795,1402956343,548,Google Chrome
1402985822,1402986118,296,Google Chrome
1402989717,1402990065,348,Google Chrome
1403021139,1403024580,3441,Google Chrome
1403025227,1403027218,1991,Google Chrome
1403030430,1403031861,1431,Google Chrome
1403033888,1403034081,193,Google Chrome
1403034511,1403034917,406,Google Chrome
1403037756,1403038233,477,Google Chrome
1403038944,1403039487,543,Google Chrome
1403041395,1403041792,397,Google Chrome
1403042580,1403043032,452,Google Chrome
1403044681,1403045160,479,Google Chrome
1403046300,1403046584,284,Google Chrome
1403072505,1403072766,261,Google Chrome
1403076235,1403076614,379,Google Chrome
1403092343,1403092756,413,Google Chrome
1403096840,1403097448,608,Google Chrome
1403110358,1403114387,4029,Google Chrome
1403115427,1403119696,4269,Google Chrome
1403121998,1403122709,711,Google Chrome
1403123265,1403123341,76,Google Chrome
1403127229,1403127487,258,Google Chrome
1403128222,1403128635,413,Google Chrome
1403132802,1403133052,250,Google Chrome
1403168520,1403168568,48,Google Chrome
1403175843,1403176591,748,Google Chrome
1403177698,1403179824,2126,Google Chrome
1403183492,1403189401,5909,Google Chrome
1403190536,1403192407,1871,Google Chrome
1403201863,1403206294,4431,Google Chrome
1403210658,1403210793,135,Google Chrome
1403212283,1403212727,444,Google Chrome
1403214120,1403214347,227,Google Chrome
1403217540,1403217827,287,Google Chrome
1403218995,1403219280,285,Google Chrome
1403221636,1403221840,204,Google Chrome
1403222534,1403222887,353,Google Chrome
1403258498,1403258568,70,Google Chrome
1403261616,1403261955,339,Google Chrome
1403271997,1403276011,4014,Google Chrome
1403277332,1403277616,284,Google Chrome
1403279015,1403280436,1421,Google Chrome
1403280905,1403282447,1542,Google Chrome
1403282851,1403283360,509,Google Chrome
1403283796,1403283827,31,Google Chrome
1403284247,1403285880,1633,Google Chrome
1403288495,1403291469,2974,Google Chrome
1403294188,1403295046,858,Google Chrome
1403297056,1403297515,459,Google Chrome
1403298754,1403299278,524,Google Chrome
1403300188,1403300682,494,Google Chrome
1403301657,1403307762,6105,Google Chrome
1403338890,1403339133,243,Google Chrome
1403344132,1403348371,4239,Google Chrome
1403348955,1403349076,121,Google Chrome
1403350007,1403350427,420,Google Chrome
1403351041,1403351612,571,Google Chrome
1403351987,1403352540,553,Google Chrome
1403356380,1403356636,256,Google Chrome
1403360190,1403360700,510,Google Chrome
1403363175,1403365651,2476,Google Chrome
1403366176,1403366340,164,Google Chrome
1403367376,1403367887,511,Google Chrome
1403392486,1403393956,1470,Google Chrome
1403394480,1403394632,152,Google Chrome
1403395156,1403395200,44,Google Chrome
1403395200,1403399371,4171,Google Chrome
1403430001,1403430106,105,Google Chrome
1403435640,1403437500,1860,Google Chrome
1403437875,1403441371,3496,Google Chrome
1403442256,1403442400,144,Google Chrome
1403449842,1403450478,636,Google Chrome
1403451331,1403453206,1875,Google Chrome
1403453747,1403459851,6104,Google Chrome
1403466751,1403467307,556,Google Chrome
1403469900,1403470366,466,Google Chrome
1403471660,1403472208,548,Google Chrome
1403474426,1403474979,553,Google Chrome
1403475951,1403476530,579,Google Chrome
1403503241,1403503308,67,Google Chrome
1403507255,1403507923,668,Google Chrome
1403529373,1403529797,424,Google Chrome
1403532418,1403533075,657,Google Chrome
1403553116,1403553348,232,Google Chrome
1403555690,1403556060,370,Google Chrome
1403557030,1403562616,5586,Google Chrome
1403594561,1403595136,575,Google Chrome
1403601647,1403603927,2280,Google Chrome
1403604467,1403606687,2220,Google Chrome
1403639867,1403641026,1159,Google Chrome
1403642674,1403642956,282,Google Chrome
1403643856,1403644080,224,Google Chrome
1403646342,1403646656,314,Google Chrome
1403684815,1403685882,1067,Google Chrome
1403703672,1403707026,3354,Google Chrome
1403719947,1403721280,1333,Google Chrome
1403723096,1403723625,529,Google Chrome
1403724673,1403725712,1039,Google Chrome
1403726131,1403727121,990,Google Chrome
1403728651,1403729476,825,Google Chrome
1403730031,1403730631,600,Google Chrome
1403732132,1403732806,674,Google Chrome
1403733167,1403733871,704,Google Chrome
1403735220,1403735820,600,Google Chrome
1403736496,1403736900,404,Google Chrome
1403737831,1403738195,364,Google Chrome
1403766528,1403766632,104,Google Chrome
1403770104,1403771340,1236,Google Chrome
1403784777,1403788959,4182,Google Chrome
1403789539,1403790255,716,Google Chrome
1403797261,1403804760,7499,Google Chrome
1403808840,1403811856,3016,Google Chrome
1403812426,1403812786,360,Google Chrome
1403814856,1403815649,793,Google Chrome
1403816951,1403817222,271,Google Chrome
1403818587,1403820060,1473,Google Chrome
1403822337,1403823098,761,Google Chrome
1403856054,1403856249,195,Google Chrome
1403857426,1403857607,181,Google Chrome
1403861261,1403861602,341,Google Chrome
1403862908,1403864225,1317,Google Chrome
1403874105,1403874220,115,Google Chrome
1403875539,1403875651,112,Google Chrome
1403885620,1403886300,680,Google Chrome
1403887512,1403887854,342,Google Chrome
1404075895,1404075900,5,Google Chrome
1404076740,1404077040,300,Google Chrome
1404141556,1404142666,1110,Google Chrome
1404143611,1404146220,2609,Google Chrome
1404146611,1404146987,376,Google Chrome
1404148800,1404149056,256,Google Chrome
1404151259,1404152220,961,Google Chrome
1404152790,1404153286,496,Google Chrome
1404153795,1404154111,316,Google Chrome
1404154666,1404155295,629,Google Chrome
1404157366,1404158687,1321,Google Chrome
1404160306,1404160576,270,Google Chrome
1404161851,1404161926,75,Google Chrome
1404163740,1404163996,256,Google Chrome
1404168000,1404168180,180,Google Chrome
1404168690,1404168706,16,Google Chrome
1404169095,1404169750,655,Google Chrome
1404194604,1404194636,32,Google Chrome
1404195522,1404195766,244,Google Chrome
1404199380,1404199455,75,Google Chrome
1404221133,1404221946,813,Google Chrome
1404226202,1404227027,825,Google Chrome
1404230055,1404231586,1531,Google Chrome
1404231975,1404233431,1456,Google Chrome
1404234076,1404234527,451,Google Chrome
1404237158,1404237174,16,Google Chrome
1404239476,1404241891,2415,Google Chrome
1404243473,1404244546,1073,Google Chrome
1404245430,1404245446,16,Google Chrome
1404247260,1404248160,900,Google Chrome
1404256170,1404257026,856,Google Chrome
1404281316,1404281347,31,Google Chrome
1404290330,1404293596,3266,Google Chrome
1404294093,1404294180,87,Google Chrome
1404294637,1404295846,1209,Google Chrome
1404296460,1404296566,106,Google Chrome
1404311160,1404311236,76,Google Chrome
1404312301,1404312826,525,Google Chrome
1404313275,1404313996,721,Google Chrome
1404314488,1404315886,1398,Google Chrome
1404316636,1404316711,75,Google Chrome
1404317340,1404317895,555,Google Chrome
1404330902,1404332295,1393,Google Chrome
1404335276,1404335566,290,Google Chrome
1404337080,1404337606,526,Google Chrome
1404338048,1404338446,398,Google Chrome
1404340440,1404340950,510,Google Chrome
1404343269,1404343816,547,Google Chrome
1404344727,1404345106,379,Google Chrome
1404345700,1404345720,20,Google Chrome
1404368371,1404368595,224,Google Chrome
1404372240,1404372286,46,Google Chrome
1404373560,1404374520,960,Google Chrome
1404375046,1404380160,5114,Google Chrome
1404411996,1404412366,370,Google Chrome
1404415320,1404416087,767,Google Chrome
1404419940,1404420436,496,Google Chrome
1404421800,1404421936,136,Google Chrome
1404425431,1404425566,135,Google Chrome
1404427320,1404427891,571,Google Chrome
1404428609,1404429090,481,Google Chrome
1404431352,1404431747,395,Google Chrome
1404432308,1404433020,712,Google Chrome
1404457511,1404458460,949,Google Chrome
1404480226,1404480346,120,Google Chrome
1404483600,1404483691,91,Google Chrome
1404487610,1404488116,506,Google Chrome
1404488700,1404488835,135,Google Chrome
1404500285,1404501211,926,Google Chrome
1404504994,1404505140,146,Google Chrome
1404506578,1404507256,678,Google Chrome
1404508411,1404508861,450,Google Chrome
1404510300,1404510886,586,Google Chrome
1404513211,1404514440,1229,Google Chrome
1404514831,1404515491,660,Google Chrome
1404516046,1404518235,2189,Google Chrome
1404519140,1404519180,40,Google Chrome
1404554399,1404555360,961,Google Chrome
1404562787,1404563431,644,Google Chrome
1404564331,1404564840,509,Google Chrome
1404565593,1404566836,1243,Google Chrome
1404736035,1404736651,616,Google Chrome
1404738283,1404744841,6558,Google Chrome
1404745216,1404749476,4260,Google Chrome
1404750962,1404751020,58,Google Chrome
1404753580,1404753946,366,Google Chrome
1404754920,1404756751,1831,Google Chrome
1404757633,1404758011,378,Google Chrome
1404758424,1404768871,10447,Google Chrome
1404770679,1404770820,141,Google Chrome
1404772247,1404772531,284,Google Chrome
1404777007,1404777211,204,Google Chrome
1404808882,1404809582,700,Google Chrome
1404819693,1404823635,3942,Google Chrome
1404834815,1404834900,85,Google Chrome
1404835485,1404835726,241,Google Chrome
1404836166,1404837331,1165,Google Chrome
1404842533,1404843391,858,Google Chrome
1404844020,1404846511,2491,Google Chrome
1404848179,1404849286,1107,Google Chrome
1404849701,1404849915,214,Google Chrome
1404852055,1404852630,575,Google Chrome
1404853354,1404853920,566,Google Chrome
1404855411,1404855887,476,Google Chrome
1404859620,1404859696,76,Google Chrome
1404863894,1404864000,106,Google Chrome
1404864000,1404864151,151,Google Chrome
1404864551,1404864991,440,Google Chrome
1404894449,1404895440,991,Google Chrome
1404899673,1404900001,328,Google Chrome
1404902871,1404902902,31,Google Chrome
1404904080,1404904111,31,Google Chrome
1404905839,1404905987,148,Google Chrome
1404911160,1404914851,3691,Google Chrome
1404923897,1404924751,854,Google Chrome
1404928037,1404931260,3223,Google Chrome
1404931727,1404931740,13,Google Chrome
1404932371,1404932867,496,Google Chrome
1404935101,1404935207,106,Google Chrome
1404935607,1404936000,393,Google Chrome
1404936804,1404937126,322,Google Chrome
1404937800,1404938671,871,Google Chrome
1404939600,1404939840,240,Google Chrome
1404940387,1404940831,444,Google Chrome
1404941613,1404943577,1964,Google Chrome
1404944990,1404945480,490,Google Chrome
1404947288,1404947551,263,Google Chrome
1404948226,1404948646,420,Google Chrome
1404949740,1404949995,255,Google Chrome
1404950821,1404951706,885,Google Chrome
1404953520,1404953820,300,Google Chrome
1404983220,1404983747,527,Google Chrome
1404988995,1404989340,345,Google Chrome
1404993887,1404994231,344,Google Chrome
1404994635,1404994666,31,Google Chrome
1404998371,1404998387,16,Google Chrome
1405000216,1405001747,1531,Google Chrome
1405009320,1405009740,420,Google Chrome
1405011835,1405011916,81,Google Chrome
1405013211,1405013475,264,Google Chrome
1405015055,1405018307,3252,Google Chrome
1405024980,1405025280,300,Google Chrome
1405032105,1405032570,465,Google Chrome
1405033480,1405033951,471,Google Chrome
1405035987,1405036351,364,Google Chrome
1405037472,1405037536,64,Google Chrome
1405069640,1405070460,820,Google Chrome
1405075950,1405076746,796,Google Chrome
1405081380,1405084651,3271,Google Chrome
1405085416,1405085550,134,Google Chrome
1405090549,1405091147,598,Google Chrome
1405104121,1405105006,885,Google Chrome
1405105411,1405105531,120,Google Chrome
1405108319,1405108620,301,Google Chrome
1405110796,1405114471,3675,Google Chrome
1405114876,1405116300,1424,Google Chrome
1405116831,1405123200,6369,Google Chrome
1405123200,1405123516,316,Google Chrome
1405153181,1405153486,305,Google Chrome
1405155300,1405155661,361,Google Chrome
1405158125,1405161227,3102,Google Chrome
1405172460,1405173780,1320,Google Chrome
1405174291,1405174395,104,Google Chrome
1405175327,1405175371,44,Google Chrome
1405175866,1405175940,74,Google Chrome
1405176753,1405177751,998,Google Chrome
1405188981,1405204936,15955,Google Chrome
1405205336,1405209075,3739,Google Chrome
1405242960,1405243007,47,Google Chrome
1405248376,1405250700,2324,Google Chrome
1405251671,1405251856,185,Google Chrome
1405252482,1405252562,80,Google Chrome
1405257515,1405260001,2486,Google Chrome
1405275579,1405276367,788,Google Chrome
1405278600,1405281496,2896,Google Chrome
1405288156,1405289087,931,Google Chrome
1405291231,1405293556,2325,Google Chrome
1405296922,1405299376,2454,Google Chrome
1405327077,1405327169,92,Google Chrome
1405331128,1405333233,2105,Google Chrome
1405334571,1405336020,1449,Google Chrome
1405338177,1405338331,154,Google Chrome
1405343590,1405343594,4,Google Chrome
1405348980,1405349010,30,Google Chrome
1405349510,1405350990,1480,Google Chrome
1405354380,1405354756,376,Google Chrome
1405361611,1405361700,89,Google Chrome
1405362136,1405362826,690,Google Chrome
1405367911,1405368271,360,Google Chrome
1405369111,1405369981,870,Google Chrome
1405376199,1405379627,3428,Google Chrome
1405380900,1405381876,976,Google Chrome
1405415640,1405416136,496,Google Chrome
1405421726,1405422075,349,Google Chrome
1405423897,1405424071,174,Google Chrome
1405439620,1405439940,320,Google Chrome
1405442646,1405442926,280,Google Chrome
1405445040,1405445491,451,Google Chrome
1405446615,1405447007,392,Google Chrome
1405447891,1405451596,3705,Google Chrome
1405452166,1405452796,630,Google Chrome
1405453829,1405454566,737,Google Chrome
1405456816,1405457071,255,Google Chrome
1405458331,1405458675,344,Google Chrome
1405460090,1405460551,461,Google Chrome
1405461664,1405462095,431,Google Chrome
1405462751,1405464106,1355,Google Chrome
1405464470,1405468051,3581,Google Chrome
1405469859,1405470000,141,Google Chrome
1405475285,1405475317,32,Google Chrome
1405477097,1405477128,31,Google Chrome
1405502280,1405502310,30,Google Chrome
1405503299,1405503676,377,Google Chrome
1405504164,1405504351,187,Google Chrome
1405511889,1405512496,607,Google Chrome
1405514725,1405517071,2346,Google Chrome
1405522016,1405522052,36,Google Chrome
1405545707,1405546455,748,Google Chrome
1405547147,1405547252,105,Google Chrome
1405548991,1405549291,300,Google Chrome
1405550769,1405551240,471,Google Chrome
1405551621,1405551871,250,Google Chrome
1405588056,1405588620,564,Google Chrome
1405590511,1405591096,585,Google Chrome
1405592130,1405594531,2401,Google Chrome
1405599520,1405600711,1191,Google Chrome
1405601406,1405601880,474,Google Chrome
1405602811,1405603247,436,Google Chrome
1405603756,1405605000,1244,Google Chrome
1405605686,1405605720,34,Google Chrome
1405609153,1405609591,438,Google Chrome
1405610596,1405615620,5024,Google Chrome
1405626073,1405626486,413,Google Chrome
1405634460,1405635691,1231,Google Chrome
1405679810,1405679851,41,Google Chrome
1405713431,1405713795,364,Google Chrome
1405748917,1405749015,98,Google Chrome
1405750320,1405750471,151,Google Chrome
1405751923,1405751971,48,Google Chrome
1405760843,1405766206,5363,Google Chrome
1405766627,1405772356,5729,Google Chrome
1405773211,1405775520,2309,Google Chrome
1405779047,1405779062,15,Google Chrome
1405784598,1405784836,238,Google Chrome
1405790038,1405796807,6769,Google Chrome
1405797256,1405797991,735,Google Chrome
1405799019,1405799040,21,Google Chrome
1405811220,1405811386,166,Google Chrome
1405846696,1405846756,60,Google Chrome
1405847836,1405847867,31,Google Chrome
1405848707,1405848736,29,Google Chrome
1405849920,1405851240,1320,Google Chrome
1405853900,1405854106,206,Google Chrome
1405854915,1405855306,391,Google Chrome
1405856680,1405857195,515,Google Chrome
1405857853,1405858200,347,Google Chrome
1405858725,1405859056,331,Google Chrome
1405862820,1405863167,347,Google Chrome
1405865116,1405865656,540,Google Chrome
1405866346,1405867996,1650,Google Chrome
1405869490,1405870847,1357,Google Chrome
1405871233,1405872391,1158,Google Chrome
1405872828,1405873336,508,Google Chrome
1405874168,1405875300,1132,Google Chrome
1405928637,1405928716,79,Google Chrome
1405929120,1405929676,556,Google Chrome
1405930380,1405931551,1171,Google Chrome
1405931955,1405932106,151,Google Chrome
1405933337,1405933560,223,Google Chrome
1405938101,1405941347,3246,Google Chrome
1405941806,1405945200,3394,Google Chrome
1405949330,1405954740,5410,Google Chrome
1405956307,1405960681,4374,Google Chrome
1406016248,1406016616,368,Google Chrome
1406027431,1406027446,15,Google Chrome
1406029800,1406029816,16,Google Chrome
1406039061,1406039432,371,Google Chrome
1406059500,1406065952,6452,Google Chrome
1406101835,1406102056,221,Google Chrome
1406105317,1406105760,443,Google Chrome
1406122288,1406122696,408,Google Chrome
1406125504,1406125519,15,Google Chrome
1406131500,1406131515,15,Google Chrome
1406139485,1406141400,1915,Google Chrome
1406160117,1406160196,79,Google Chrome
1406161333,1406161380,47,Google Chrome
1406163790,1406163821,31,Google Chrome
1406192700,1406192851,151,Google Chrome
1406282716,1406283480,764,Google Chrome
1406284058,1406285475,1417,Google Chrome
1406305740,1406306806,1066,Google Chrome
1406315040,1406315251,211,Google Chrome
1406326637,1406326996,359,Google Chrome
1406365144,1406365246,102,Google Chrome
1406371800,1406371936,136,Google Chrome
1406373942,1406374051,109,Google Chrome
1406374426,1406374620,194,Google Chrome
1406375100,1406375792,692,Google Chrome
1406378207,1406378520,313,Google Chrome
1406379960,1406380320,360,Google Chrome
1406381086,1406382226,1140,Google Chrome
1406382600,1406382625,25,Google Chrome
1406383067,1406383511,444,Google Chrome
1406384476,1406384686,210,Google Chrome
1406473756,1406474100,344,Google Chrome
1406474800,1406479007,4207,Google Chrome
1406479515,1406480296,781,Google Chrome
1406481331,1406482260,929,Google Chrome
1406482670,1406482800,130,Google Chrome
1406563936,1406567280,3344,Google Chrome
1406587009,1406587216,207,Google Chrome
1406650546,1406651247,701,Google Chrome
1406651657,1406651760,103,Google Chrome
1406652155,1406653336,1181,Google Chrome
1406654994,1406655300,306,Google Chrome
1406658353,1406658511,158,Google Chrome
1406658921,1406659155,234,Google Chrome
1406666058,1406666176,118,Google Chrome
1406666859,1406670047,3188,Google Chrome
1406670506,1406670541,35,Google Chrome
1406738810,1406739780,970,Google Chrome
1406752373,1406752651,278,Google Chrome
1406756239,1406756867,628,Google Chrome
1406800080,1406802828,2748,Google Chrome
1406819700,1406821635,1935,Google Chrome
1406826823,1406826931,108,Google Chrome
1406828749,1406828835,86,Google Chrome
1406846878,1406847015,137,Google Chrome
1406891932,1406892435,503,Google Chrome
1406895817,1406895991,174,Google Chrome
1406898001,1406902200,4199,Google Chrome
1406902620,1406903835,1215,Google Chrome
1406908353,1406908713,360,Google Chrome
1406925420,1406925690,270,Google Chrome
1406927940,1406928540,600,Google Chrome
1406929815,1406929951,136,Google Chrome
1406931436,1406931600,164,Google Chrome
1406932471,1406932532,61,Google Chrome
1406934180,1406937600,3420,Google Chrome
1406937600,1406938636,1036,Google Chrome
1406970059,1406970360,301,Google Chrome
1406988262,1406988346,84,Google Chrome
1406990040,1406991240,1200,Google Chrome
1407027043,1407027391,348,Google Chrome
1407057288,1407057555,267,Google Chrome
1407066909,1407069436,2527,Google Chrome
1407069826,1407076290,6464,Google Chrome
1407076651,1407078947,2296,Google Chrome
1407079606,1407079667,61,Google Chrome
1407080340,1407080940,600,Google Chrome
1407081316,1407082095,779,Google Chrome
1407082591,1407082966,375,Google Chrome
1407083880,1407084151,271,Google Chrome
1407084859,1407085380,521,Google Chrome
1407097023,1407097171,148,Google Chrome
1407097597,1407097695,98,Google Chrome
1407098096,1407098190,94,Google Chrome
1407098551,1407099736,1185,Google Chrome
1407100214,1407101207,993,Google Chrome
1407101773,1407102676,903,Google Chrome
1407103607,1407110400,6793,Google Chrome
1407110400,1407112560,2160,Google Chrome
1407147071,1407147150,79,Google Chrome
1407150274,1407151067,793,Google Chrome
1407155700,1407155940,240,Google Chrome
1407158682,1407158712,30,Google Chrome
1407159211,1407159947,736,Google Chrome
1407160890,1407163155,2265,Google Chrome
1407170901,1407172336,1435,Google Chrome
1407173807,1407174675,868,Google Chrome
1407175547,1407179551,4004,Google Chrome
1407179928,1407180391,463,Google Chrome
1407186153,1407191760,5607,Google Chrome
1407195022,1407195330,308,Google Chrome
1407196701,1407196800,99,Google Chrome
1407196800,1407196995,195,Google Chrome
1407225635,1407225751,116,Google Chrome
1407229730,1407230040,310,Google Chrome
1407240600,1407241920,1320,Google Chrome
1407242326,1407242386,60,Google Chrome
1407271369,1407271756,387,Google Chrome
1407274522,1407274951,429,Google Chrome
1407277606,1407278100,494,Google Chrome
1407278881,1407279795,914,Google Chrome
1407313241,1407313351,110,Google Chrome
1407316813,1407317507,694,Google Chrome
1407317896,1407318091,195,Google Chrome
1407318495,1407318660,165,Google Chrome
1407319547,1407320580,1033,Google Chrome
1407322726,1407322740,14,Google Chrome
1407323386,1407323626,240,Google Chrome
1407324346,1407325307,961,Google Chrome
1407325815,1407325846,31,Google Chrome
1407327751,1407327826,75,Google Chrome
1407330600,1407330766,166,Google Chrome
1407331200,1407331275,75,Google Chrome
1407335336,1407335387,51,Google Chrome
1407336075,1407336136,61,Google Chrome
1407337171,1407338239,1068,Google Chrome
1407343874,1407351735,7861,Google Chrome
1407353866,1407354031,165,Google Chrome
1407354980,1407355051,71,Google Chrome
1407358607,1407358891,284,Google Chrome
1407360528,1407360915,387,Google Chrome
1407361787,1407362311,524,Google Chrome
1407364334,1407364755,421,Google Chrome
1407365940,1407366271,331,Google Chrome
1407368040,1407368296,256,Google Chrome
1407369690,1407369991,301,Google Chrome
1407370695,1407371550,855,Google Chrome
1407401220,1407409920,8700,Google Chrome
1407412463,1407412591,128,Google Chrome
1407418314,1407418440,126,Google Chrome
1407422581,1407425655,3074,Google Chrome
1407426180,1407427667,1487,Google Chrome
1407436560,1407437446,886,Google Chrome
1407441120,1407441512,392,Google Chrome
1407449070,1407449476,406,Google Chrome
1407451267,1407451740,473,Google Chrome
1407452702,1407453120,418,Google Chrome
1407455320,1407455596,276,Google Chrome
1407456427,1407456947,520,Google Chrome
1407486300,1407486480,180,Google Chrome
1407489815,1407491132,1317,Google Chrome
1407498114,1407498840,726,Google Chrome
1407509656,1407509672,16,Google Chrome
1407517597,1407517831,234,Google Chrome
1408104400,1408106911,2511,Google Chrome
1408107555,1408107960,405,Google Chrome
1408108529,1408109176,647,Google Chrome
1408121486,1408122856,1370,Google Chrome
1408123236,1408129516,6280,Google Chrome
1408132486,1408132786,300,Google Chrome
1408134300,1408140031,5731,Google Chrome
1408142681,1408143647,966,Google Chrome
1408144027,1408144058,31,Google Chrome
1408146339,1408146587,248,Google Chrome
1408184221,1408184295,74,Google Chrome
1408192249,1408192606,357,Google Chrome
1408196040,1408196327,287,Google Chrome
1408197136,1408202040,4904,Google Chrome
1408202965,1408205987,3022,Google Chrome
1408207380,1408209060,1680,Google Chrome
1408209899,1408211235,1336,Google Chrome
1408214467,1408214655,188,Google Chrome
1408215548,1408219127,3579,Google Chrome
1408223940,1408225531,1591,Google Chrome
1408228411,1408233600,5189,Google Chrome
1408233600,1408234290,690,Google Chrome
1408237750,1408237800,50,Google Chrome
1408240848,1408242151,1303,Google Chrome
1408271940,1408271970,30,Google Chrome
1408278770,1408278887,117,Google Chrome
1408283760,1408283775,15,Google Chrome
1408288047,1408288111,64,Google Chrome
1408291644,1408292400,756,Google Chrome
1408292807,1408297860,5053,Google Chrome
1408298293,1408298671,378,Google Chrome
1408304115,1408304551,436,Google Chrome
1408308279,1408308631,352,Google Chrome
1408309729,1408310207,478,Google Chrome
1408311300,1408311720,420,Google Chrome
1408313408,1408314030,622,Google Chrome
1408314567,1408315367,800,Google Chrome
1408315771,1408315800,29,Google Chrome
1408318255,1408320000,1745,Google Chrome
1408320000,1408320916,916,Google Chrome
1408348981,1408349040,59,Google Chrome
1408352390,1408352986,596,Google Chrome
1408358760,1408363096,4336,Google Chrome
1408365337,1408365391,54,Google Chrome
1408372617,1408372664,47,Google Chrome
1408380960,1408381666,706,Google Chrome
1408383271,1408384171,900,Google Chrome
1408384680,1408384740,60,Google Chrome
1408385596,1408385611,15,Google Chrome
1408386060,1408387471,1411,Google Chrome
1408387911,1408388971,1060,Google Chrome
1408391035,1408391629,594,Google Chrome
1408395360,1408396800,1440,Google Chrome
1408399445,1408400131,686,Google Chrome
1408402782,1408404496,1714,Google Chrome
1408431654,1408431736,82,Google Chrome
1408439403,1408442934,3531,Google Chrome
1408448446,1408452046,3600,Google Chrome
1408452788,1408453591,803,Google Chrome
1408455805,1408456741,936,Google Chrome
1408458255,1408458377,122,Google Chrome
1408459061,1408459695,634,Google Chrome
1408460086,1408461135,1049,Google Chrome
1408462651,1408462771,120,Google Chrome
1408463416,1408463866,450,Google Chrome
1408464840,1408466820,1980,Google Chrome
1408468180,1408469400,1220,Google Chrome
1408471207,1408471260,53,Google Chrome
1408476667,1408476698,31,Google Chrome
1408477094,1408477125,31,Google Chrome
1408478011,1408479900,1889,Google Chrome
1408481164,1408481595,431,Google Chrome
1408482111,1408482615,504,Google Chrome
1408485011,1408485301,290,Google Chrome
1408485838,1408486127,289,Google Chrome
1408515660,1408515811,151,Google Chrome
1408519089,1408519531,442,Google Chrome
1408537440,1408537846,406,Google Chrome
1408556906,1408558920,2014,Google Chrome
1408559582,1408560047,465,Google Chrome
1408561141,1408562880,1739,Google Chrome
1408566643,1408567171,528,Google Chrome
1408568008,1408568475,467,Google Chrome
1408570360,1408570666,306,Google Chrome
1408576141,1408576307,166,Google Chrome
1408601790,1408602135,345,Google Chrome
1408605859,1408605875,16,Google Chrome
1408622580,1408622626,46,Google Chrome
1408624920,1408626135,1215,Google Chrome
1408641252,1408642995,1743,Google Chrome
1408644091,1408644691,600,Google Chrome
1408645215,1408645246,31,Google Chrome
1408645786,1408645920,134,Google Chrome
1408646311,1408646386,75,Google Chrome
1408647135,1408647631,496,Google Chrome
1408653415,1408653780,365,Google Chrome
1408655101,1408655449,348,Google Chrome
1408658897,1408658914,17,Google Chrome
1408661013,1408661296,283,Google Chrome
1408696035,1408696395,360,Google Chrome
1408714060,1408714126,66,Google Chrome
1408717995,1408719976,1981,Google Chrome
1408731727,1408732920,1193,Google Chrome
1408736998,1408737451,453,Google Chrome
1408742125,1408742371,246,Google Chrome
1408743779,1408744846,1067,Google Chrome
1408748280,1408748460,180,Google Chrome
1408785224,1408786500,1276,Google Chrome
1408790103,1408790160,57,Google Chrome
1408795325,1408800692,5367,Google Chrome
1408807838,1408809046,1208,Google Chrome
1408820940,1408821000,60,Google Chrome
1408826395,1408827631,1236,Google Chrome
1408830679,1408831127,448,Google Chrome
1408836960,1408837140,180,Google Chrome
1408874772,1408877700,2928,Google Chrome
1408883565,1408884346,781,Google Chrome
1408885681,1408885800,119,Google Chrome
1408897001,1408897140,139,Google Chrome
1408907113,1408907253,140,Google Chrome
1408913824,1408914180,356,Google Chrome
1408914854,1408915740,886,Google Chrome
1408917618,1408917763,145,Google Chrome
1408919769,1408919881,112,Google Chrome
1408947575,1408947691,116,Google Chrome
1408968308,1408968375,67,Google Chrome
1408971944,1408972410,466,Google Chrome
1408981013,1408981291,278,Google Chrome
1408996980,1408997340,360,Google Chrome
1408998093,1408998555,462,Google Chrome
1409000986,1409002275,1289,Google Chrome
1409033871,1409034270,399,Google Chrome
1409074102,1409074726,624,Google Chrome
1409075460,1409075820,360,Google Chrome
1409076267,1409076571,304,Google Chrome
1409082768,1409083127,359,Google Chrome
1409085780,1409086215,435,Google Chrome
1409090530,1409090595,65,Google Chrome
1409120208,1409120371,163,Google Chrome
1409144111,1409144656,545,Google Chrome
1409169453,1409169600,147,Google Chrome
1409171488,1409171926,438,Google Chrome
1409173020,1409173291,271,Google Chrome
1409206620,1409206846,226,Google Chrome
1409228340,1409231371,3031,Google Chrome
1409292540,1409292600,60,Google Chrome
1409300327,1409301332,1005,Google Chrome
1409318988,1409319600,612,Google Chrome
1409321102,1409321220,118,Google Chrome
1409321956,1409322090,134,Google Chrome
1409322555,1409322887,332,Google Chrome
1409324222,1409324252,30,Google Chrome
1409325049,1409325838,789,Google Chrome
1409530800,1409531040,240,Google Chrome
1409531416,1409531660,244,Google Chrome
1409552245,1409552491,246,Google Chrome
1409555898,1409556642,744,Google Chrome
1409585640,1409585955,315,Google Chrome
1409586789,1409586871,82,Google Chrome
1409587322,1409587412,90,Google Chrome
1409604420,1409605846,1426,Google Chrome
1409608080,1409608456,376,Google Chrome
1409609140,1409609821,681,Google Chrome
1409638897,1409639251,354,Google Chrome
1409668832,1409668860,28,Google Chrome
1409670666,1409673240,2574,Google Chrome
1409687475,1409687867,392,Google Chrome
1409690580,1409690867,287,Google Chrome
1409693760,1409694180,420,Google Chrome
1409695326,1409695740,414,Google Chrome
1409697597,1409697916,319,Google Chrome
1409725587,1409725755,168,Google Chrome
1409747121,1409748826,1705,Google Chrome
1409749292,1409749666,374,Google Chrome
1409764380,1409766077,1697,Google Chrome
1409770990,1409771040,50,Google Chrome
1409774116,1409774700,584,Google Chrome
1409777857,1409778047,190,Google Chrome
1409783281,1409783400,119,Google Chrome
1409784390,1409784795,405,Google Chrome
1409785483,1409785951,468,Google Chrome
1409813280,1409813551,271,Google Chrome
1409834100,1409834866,766,Google Chrome
1409860740,1409861025,285,Google Chrome
1409863200,1409863456,256,Google Chrome
1409864467,1409864940,473,Google Chrome
1409865462,1409872831,7369,Google Chrome
1409900460,1409900505,45,Google Chrome
1409906100,1409906836,736,Google Chrome
1409923552,1409924535,983,Google Chrome
1409964847,1409964989,142,Google Chrome
1409994079,1409994300,221,Google Chrome
1409999519,1409999791,272,Google Chrome
1410000838,1410003960,3122,Google Chrome
1410006664,1410007006,342,Google Chrome
1410011580,1410011926,346,Google Chrome
1410019800,1410019860,60,Google Chrome
1410036135,1410043772,7637,Google Chrome
1410045217,1410047055,1838,Google Chrome
1410047467,1410047760,293,Google Chrome
1410079421,1410079484,63,Google Chrome
1410094200,1410094321,121,Google Chrome
1410096143,1410096211,68,Google Chrome
1410097342,1410100066,2724,Google Chrome
1410109980,1410110011,31,Google Chrome
1410116620,1410117000,380,Google Chrome
1410119499,1410119955,456,Google Chrome
1410120988,1410121606,618,Google Chrome
1410122014,1410126616,4602,Google Chrome
1410128168,1410128280,112,Google Chrome
1410158613,1410159060,447,Google Chrome
1410181243,1410183241,1998,Google Chrome
1410185959,1410188536,2577,Google Chrome
1410190342,1410190500,158,Google Chrome
1410194783,1410199440,4657,Google Chrome
1410200011,1410200115,104,Google Chrome
1410205949,1410206476,527,Google Chrome
1410207428,1410209611,2183,Google Chrome
1410210609,1410212132,1523,Google Chrome
1410214009,1410215251,1242,Google Chrome
1410243840,1410244064,224,Google Chrome
1410286740,1410289620,2880,Google Chrome
1410290725,1410290777,52,Google Chrome
1410295329,1410296476,1147,Google Chrome
1410297257,1410298155,898,Google Chrome
1410298622,1410298786,164,Google Chrome
1410300600,1410300840,240,Google Chrome
1410303917,1410304111,194,Google Chrome
1410306382,1410306780,398,Google Chrome
1410330225,1410330390,165,Google Chrome
1410352963,1410354347,1384,Google Chrome
1410367320,1410367380,60,Google Chrome
1410371398,1410375827,4429,Google Chrome
1410378720,1410380089,1369,Google Chrome
1410380510,1410380687,177,Google Chrome
1410384420,1410385456,1036,Google Chrome
1410416965,1410417348,383,Google Chrome
1410439200,1410439291,91,Google Chrome
1410456960,1410458672,1712,Google Chrome
1410459297,1410459420,123,Google Chrome
1410461289,1410462496,1207,Google Chrome
1410464301,1410464446,145,Google Chrome
1410465021,1410465871,850,Google Chrome
1410467765,1410468000,235,Google Chrome
1410469674,1410469772,98,Google Chrome
1410471368,1410471528,160,Google Chrome
1410503100,1410503160,60,Google Chrome
1410526025,1410527640,1615,Google Chrome
1410538149,1410538277,128,Google Chrome
1410541261,1410543060,1799,Google Chrome
1410543476,1410544727,1251,Google Chrome
1410546840,1410548612,1772,Google Chrome
1410550537,1410554160,3623,Google Chrome
1410554956,1410556771,1815,Google Chrome
1410558576,1410558721,145,Google Chrome
1410559592,1410559755,163,Google Chrome
1410560724,1410560988,264,Google Chrome
1410563160,1410565500,2340,Google Chrome
1410595352,1410595472,120,Google Chrome
1410596390,1410596415,25,Google Chrome
1410606934,1410607307,373,Google Chrome
1410633360,1410635520,2160,Google Chrome
1410638130,1410638628,498,Google Chrome
1410639360,1410639526,166,Google Chrome
1410641581,1410641596,15,Google Chrome
1410643093,1410646140,3047,Google Chrome
1410646687,1410649327,2640,Google Chrome
1410686576,1410687406,830,Google Chrome
1410691680,1410691860,180,Google Chrome
1410694367,1410696107,1740,Google Chrome
1410703440,1410703500,60,Google Chrome
1410708867,1410711840,2973,Google Chrome
1410713646,1410713820,174,Google Chrome
1410719174,1410719205,31,Google Chrome
1410719798,1410719829,31,Google Chrome
1410720960,1410720990,30,Google Chrome
1410726360,1410727155,795,Google Chrome
1410727639,1410727755,116,Google Chrome
1410728223,1410728880,657,Google Chrome
1410731415,1410732392,977,Google Chrome
1410734726,1410734821,95,Google Chrome
1410765814,1410766020,206,Google Chrome
1410786728,1410786796,68,Google Chrome
1410804009,1410804886,877,Google Chrome
1410810840,1410811486,646,Google Chrome
1410812220,1410813572,1352,Google Chrome
1410813960,1410819316,5356,Google Chrome
1410888831,1410889080,249,Google Chrome
1410892445,1410894690,2245,Google Chrome
1410899101,1410900889,1788,Google Chrome
1410901620,1410901815,195,Google Chrome
1410903445,1410903886,441,Google Chrome
1410957060,1410957120,60,Google Chrome
1410963708,1410963916,208,Google Chrome
1410978153,1410978572,419,Google Chrome
1410983374,1410983971,597,Google Chrome
1410985136,1410990376,5240,Google Chrome
1410990891,1410992340,1449,Google Chrome
1410992943,1410993346,403,Google Chrome
1411021930,1411022267,337,Google Chrome
1411024500,1411025251,751,Google Chrome
1411045500,1411046190,690,Google Chrome
1411060200,1411062350,2150,Google Chrome
1411063080,1411063140,60,Google Chrome
1411064944,1411064975,31,Google Chrome
1411066140,1411066426,286,Google Chrome
1411068240,1411068375,135,Google Chrome
1411070190,1411070312,122,Google Chrome
1411072666,1411073055,389,Google Chrome
1411074245,1411074691,446,Google Chrome
1411076148,1411076656,508,Google Chrome
1411077581,1411078336,755,Google Chrome
1411079585,1411080061,476,Google Chrome
1411081417,1411081800,383,Google Chrome
1411111498,1411112266,768,Google Chrome
1411116361,1411118236,1875,Google Chrome
1411119310,1411120171,861,Google Chrome
1411126572,1411126695,123,Google Chrome
1411138712,1411138816,104,Google Chrome
1411147129,1411147306,177,Google Chrome
1411158480,1411158691,211,Google Chrome
1411164132,1411164286,154,Google Chrome
1411168080,1411168200,120,Google Chrome
1411171843,1411174876,3033,Google Chrome
1411209540,1411210427,887,Google Chrome
1411217760,1411218075,315,Google Chrome
1411225904,1411226327,423,Google Chrome
1411235400,1411235506,106,Google Chrome
1411239660,1411240155,495,Google Chrome
1411246165,1411246200,35,Google Chrome
1411251239,1411251588,349,Google Chrome
1411253701,1411253956,255,Google Chrome
1411288518,1411288800,282,Google Chrome
1411297317,1411298551,1234,Google Chrome
1411299993,1411302588,2595,Google Chrome
1411310580,1411310760,180,Google Chrome
1411316406,1411316640,234,Google Chrome
1411321159,1411321667,508,Google Chrome
1411325280,1411325446,166,Google Chrome
1411326240,1411326451,211,Google Chrome
1411330796,1411333576,2780,Google Chrome
1411341047,1411341471,424,Google Chrome
1411388331,1411389150,819,Google Chrome
1411389630,1411389900,270,Google Chrome
1411391940,1411392075,135,Google Chrome
1411397340,1411397356,16,Google Chrome
1411399200,1411399216,16,Google Chrome
1411402741,1411402756,15,Google Chrome
1411408320,1411408620,300,Google Chrome
1411413500,1411413615,115,Google Chrome
1411417289,1411421791,4502,Google Chrome
1411422732,1411424235,1503,Google Chrome
1411453482,1411453785,303,Google Chrome
1411491300,1411493071,1771,Google Chrome
1411501984,1411504020,2036,Google Chrome
1411504765,1411505400,635,Google Chrome
1411506049,1411506570,521,Google Chrome
1411508266,1411508641,375,Google Chrome
1411512041,1411512436,395,Google Chrome
1411513374,1411513635,261,Google Chrome
1411539907,1411540111,204,Google Chrome
1411542744,1411543560,816,Google Chrome
1411566221,1411566540,319,Google Chrome
1411567310,1411568687,1377,Google Chrome
1411569393,1411570155,762,Google Chrome
1411573438,1411573576,138,Google Chrome
1411578844,1411578863,19,Google Chrome
1411579470,1411579501,31,Google Chrome
1411580646,1411580677,31,Google Chrome
1411586640,1411586775,135,Google Chrome
1411590741,1411593572,2831,Google Chrome
1411595476,1411596916,1440,Google Chrome
1411599153,1411600893,1740,Google Chrome
1411626661,1411626871,210,Google Chrome
1411647300,1411647436,136,Google Chrome
1411655332,1411655348,16,Google Chrome
1411668020,1411668920,900,Google Chrome
1411669440,1411669832,392,Google Chrome
1411672504,1411672560,56,Google Chrome
1411673847,1411674632,785,Google Chrome
1411677420,1411677932,512,Google Chrome
1411679220,1411679535,315,Google Chrome
1411680971,1411681277,306,Google Chrome
1411682618,1411683076,458,Google Chrome
1411686200,1411686540,340,Google Chrome
1411714455,1411714546,91,Google Chrome
1411715520,1411715640,120,Google Chrome
1411719226,1411721416,2190,Google Chrome
1411751827,1411752316,489,Google Chrome
1411752924,1411753096,172,Google Chrome
1411761370,1411761601,231,Google Chrome
1411764040,1411764511,471,Google Chrome
1411765805,1411766416,611,Google Chrome
1411767523,1411768080,557,Google Chrome
1411769534,1411770033,499,Google Chrome
1411773779,1411775520,1741,Google Chrome
1411809285,1411809540,255,Google Chrome
1411821131,1411822007,876,Google Chrome
1411826520,1411826656,136,Google Chrome
1411830346,1411836301,5955,Google Chrome
1411836891,1411836907,16,Google Chrome
1411839864,1411840003,139,Google Chrome
1411842301,1411842586,285,Google Chrome
1411847700,1411847941,241,Google Chrome
1411850887,1411858847,7960,Google Chrome
1411859940,1411860166,226,Google Chrome
1411893540,1411893812,272,Google Chrome
1411897226,1411897590,364,Google Chrome
1411898590,1411900560,1970,Google Chrome
1411904495,1411904717,222,Google Chrome
1411919050,1411919291,241,Google Chrome
1411920841,1411921007,166,Google Chrome
1411922820,1411922880,60,Google Chrome
1411925121,1411926107,986,Google Chrome
1411929900,1411930066,166,Google Chrome
1411932881,1411933606,725,Google Chrome
1411934460,1411934550,90,Google Chrome
1411936789,1411936876,87,Google Chrome
1411940380,1411940851,471,Google Chrome
1411942173,1411942246,73,Google Chrome
1412453880,1412464636,10756,Google Chrome
1412465671,1412465971,300,Google Chrome
1412498820,1412502360,3540,Google Chrome
1412512831,1412512906,75,Google Chrome
1412515072,1412515380,308,Google Chrome
1412516435,1412517240,805,Google Chrome
1412522578,1412523451,873,Google Chrome
1412524160,1412526495,2335,Google Chrome
1412527036,1412529511,2475,Google Chrome
1412539063,1412540415,1352,Google Chrome
1412540936,1412541091,155,Google Chrome
1412541895,1412542351,456,Google Chrome
1412543704,1412544180,476,Google Chrome
1412545041,1412545516,475,Google Chrome
1412548320,1412550211,1891,Google Chrome
1412589660,1412591146,1486,Google Chrome
1412595060,1412596980,1920,Google Chrome
1412598202,1412598331,129,Google Chrome
1412605039,1412605471,432,Google Chrome
1412616604,1412616720,116,Google Chrome
1412618246,1412619376,1130,Google Chrome
1412620006,1412620440,434,Google Chrome
1412624375,1412625660,1285,Google Chrome
1412626438,1412626621,183,Google Chrome
1412628427,1412628691,264,Google Chrome
1412632022,1412640000,7978,Google Chrome
1412640000,1412640675,675,Google Chrome
1412676535,1412676811,276,Google Chrome
1412679888,1412680020,132,Google Chrome
1412686049,1412686081,32,Google Chrome
1412688360,1412688406,46,Google Chrome
1412708830,1412708896,66,Google Chrome
1412712129,1412712211,82,Google Chrome
1412714133,1412714387,254,Google Chrome
1412715900,1412716307,407,Google Chrome
1412721781,1412722426,645,Google Chrome
1412763780,1412763900,120,Google Chrome
1412774100,1412774355,255,Google Chrome
1412774884,1412774956,72,Google Chrome
1412786080,1412786356,276,Google Chrome
1412790709,1412791112,403,Google Chrome
1412795527,1412795626,99,Google Chrome
1412799601,1412810536,10935,Google Chrome
1412813724,1412814376,652,Google Chrome
1412849679,1412850000,321,Google Chrome
1412885631,1412888267,2636,Google Chrome
1412889780,1412891911,2131,Google Chrome
1412899256,1412899628,372,Google Chrome
1412935170,1412935291,121,Google Chrome
1412940783,1412942340,1557,Google Chrome
1412949234,1412952511,3277,Google Chrome
1412952916,1412963690,10774,Google Chrome
1412969777,1412969940,163,Google Chrome
1412971746,1412971777,31,Google Chrome
1412973478,1412973735,257,Google Chrome
1412975909,1412975940,31,Google Chrome
1413020611,1413020701,90,Google Chrome
1413024791,1413024886,95,Google Chrome
1413035520,1413035536,16,Google Chrome
1413042135,1413042180,45,Google Chrome
1413057040,1413057300,260,Google Chrome
1413060095,1413063451,3356,Google Chrome
1413109800,1413109846,46,Google Chrome
1413121380,1413123886,2506,Google Chrome
1413124275,1413133097,8822,Google Chrome
1413136597,1413137494,897,Google Chrome
1413143835,1413143927,92,Google Chrome
1413145740,1413146055,315,Google Chrome
1413154284,1413154486,202,Google Chrome
1413195420,1413195480,60,Google Chrome
1413207170,1413214830,7660,Google Chrome
1413227040,1413227190,150,Google Chrome
1413230744,1413231055,311,Google Chrome
1413231955,1413236687,4732,Google Chrome
1413244740,1413244800,60,Google Chrome
1413244800,1413245221,421,Google Chrome
1413280928,1413280945,17,Google Chrome
1413288300,1413288480,180,Google Chrome
1413368006,1413368023,17,Google Chrome
1413371356,1413371477,121,Google Chrome
1413387832,1413388127,295,Google Chrome
1413397620,1413397666,46,Google Chrome
1413405180,1413405480,300,Google Chrome
1413406356,1413406816,460,Google Chrome
1413408514,1413408900,386,Google Chrome
1413409832,1413410431,599,Google Chrome
1413412023,1413412680,657,Google Chrome
1413413798,1413414391,593,Google Chrome
1413415911,1413416176,265,Google Chrome
1413461642,1413464731,3089,Google Chrome
1413466532,1413466575,43,Google Chrome
1413467183,1413467230,47,Google Chrome
1413472623,1413472654,31,Google Chrome
1413474420,1413474556,136,Google Chrome
1413475625,1413477811,2186,Google Chrome
1413486225,1413486540,315,Google Chrome
1413486977,1413488355,1378,Google Chrome
1413491895,1413492271,376,Google Chrome
1413495594,1413495841,247,Google Chrome
1413497122,1413497596,474,Google Chrome
1413499270,1413499531,261,Google Chrome
1413562620,1413564092,1472,Google Chrome
1413567480,1413568860,1380,Google Chrome
1413575632,1413575911,279,Google Chrome
1413577256,1413579796,2540,Google Chrome
1413580391,1413582300,1909,Google Chrome
1413583546,1413585016,1470,Google Chrome
1413623667,1413625967,2300,Google Chrome
1413629147,1413629400,253,Google Chrome
1413631771,1413635971,4200,Google Chrome
1413637020,1413637096,76,Google Chrome
1413642931,1413643592,661,Google Chrome
1413646891,1413651255,4364,Google Chrome
1413653296,1413655440,2144,Google Chrome
1413658845,1413659100,255,Google Chrome
1413661936,1413662415,479,Google Chrome
1413669435,1413672360,2925,Google Chrome
1413683175,1413683190,15,Google Chrome
1413706546,1413707956,1410,Google Chrome
1413711166,1413715291,4125,Google Chrome
1413715891,1413715937,46,Google Chrome
1413716431,1413716494,63,Google Chrome
1413720104,1413720375,271,Google Chrome
1413723557,1413727351,3794,Google Chrome
1413733811,1413734731,920,Google Chrome
1413745547,1413745560,13,Google Chrome
1413757704,1413757831,127,Google Chrome
1413768644,1413768661,17,Google Chrome
1413786558,1413786706,148,Google Chrome
1413809880,1413809926,46,Google Chrome
1413819300,1413819766,466,Google Chrome
1413826680,1413827371,691,Google Chrome
1413828010,1413828871,861,Google Chrome
1413830057,1413830581,524,Google Chrome
1413836945,1413837391,446,Google Chrome
1413838457,1413838831,374,Google Chrome
1413840353,1413840900,547,Google Chrome
1413875490,1413875580,90,Google Chrome
1413886395,1413886410,15,Google Chrome
1413920803,1413921571,768,Google Chrome
1413925681,1413926116,435,Google Chrome
1413930977,1413931320,343,Google Chrome
1413935210,1413935567,357,Google Chrome
1413946380,1413946396,16,Google Chrome
1413959154,1413959371,217,Google Chrome
1413970186,1413970200,14,Google Chrome
1413992446,1413992462,16,Google Chrome
1414003099,1414003935,836,Google Chrome
1414014750,1414014765,15,Google Chrome
1414066380,1414066651,271,Google Chrome
1414077466,1414077480,14,Google Chrome
1414091098,1414091371,273,Google Chrome
1414093847,1414094207,360,Google Chrome
1414098269,1414098615,346,Google Chrome
1414100180,1414100580,400,Google Chrome
1414111395,1414111411,16,Google Chrome
1414139875,1414140496,621,Google Chrome
1414151311,1414151326,15,Google Chrome
1414163700,1414163971,271,Google Chrome
1414174786,1414174800,14,Google Chrome
1414357454,1414357531,77,Google Chrome
1414368345,1414368360,15,Google Chrome
1414391087,1414391235,148,Google Chrome
1414394562,1414394611,49,Google Chrome
1414405426,1414405440,14,Google Chrome
1414411971,1414412401,430,Google Chrome
1414423216,1414423231,15,Google Chrome
1414426099,1414426306,207,Google Chrome
1414439580,1414439866,286,Google Chrome
1414441260,1414441560,300,Google Chrome
1414442569,1414448220,5651,Google Chrome
1414449421,1414449840,419,Google Chrome
1414450753,1414451176,423,Google Chrome
1414477550,1414477727,177,Google Chrome
1414511125,1414516171,5046,Google Chrome
1414526514,1414526566,52,Google Chrome
1414530300,1414530616,316,Google Chrome
1414532079,1414532536,457,Google Chrome
1414533719,1414534021,302,Google Chrome
1414535891,1414536315,424,Google Chrome
1414537313,1414537740,427,Google Chrome
1414539553,1414539780,227,Google Chrome
1414550594,1414550609,15,Google Chrome
1414564395,1414564515,120,Google Chrome
1414575330,1414575345,15,Google Chrome
1414600980,1414602975,1995,Google Chrome
1414671094,1414671167,73,Google Chrome
1414673340,1414674870,1530,Google Chrome
1414685684,1414685700,16,Google Chrome
1414686651,1414690876,4225,Google Chrome
1414692472,1414694251,1779,Google Chrome
1414703087,1414703508,421,Google Chrome
1414714320,1414714336,16,Google Chrome
1414739813,1414739972,159,Google Chrome
1414750787,1414750801,14,Google Chrome
1414771340,1414771620,280,Google Chrome
1414776511,1414776751,240,Google Chrome
1414783620,1414784848,1228,Google Chrome
1414830307,1414830480,173,Google Chrome
1414834947,1414835656,709,Google Chrome
1414841038,1414847055,6017,Google Chrome
1414857869,1414857884,15,Google Chrome
1414858740,1414858891,151,Google Chrome
1414869706,1414869721,15,Google Chrome
1414874670,1414885366,10696,Google Chrome
1414918440,1414918757,317,Google Chrome
1414928077,1414928791,714,Google Chrome
1414929480,1414930606,1126,Google Chrome
1414934220,1414934250,30,Google Chrome
1414937861,1414937927,66,Google Chrome
1414997340,1414997760,420,Google Chrome
1415008574,1415008590,16,Google Chrome
1415029366,1415032411,3045,Google Chrome
1415040828,1415041367,539,Google Chrome
1415044982,1415045013,31,Google Chrome
1415046238,1415053560,7322,Google Chrome
1415082492,1415082707,215,Google Chrome
1415104140,1415104575,435,Google Chrome
1415106451,1415107815,1364,Google Chrome
1415118630,1415118646,16,Google Chrome
1415130721,1415130886,165,Google Chrome
1415136120,1415136135,15,Google Chrome
1415168966,1415169435,469,Google Chrome
1415171775,1415171971,196,Google Chrome
1415182785,1415182800,15,Google Chrome
1415192339,1415193420,1081,Google Chrome
1415204234,1415204249,15,Google Chrome
1415206032,1415207417,1385,Google Chrome
1415208023,1415209187,1164,Google Chrome
1415212081,1415214751,2670,Google Chrome
1415217135,1415217555,420,Google Chrome
1415219818,1415219833,15,Google Chrome
1415221140,1415221306,166,Google Chrome
1415223240,1415223331,91,Google Chrome
1415224224,1415224667,443,Google Chrome
1415258669,1415258730,61,Google Chrome
1415269545,1415269560,15,Google Chrome
1415278607,1415278831,224,Google Chrome
1415289646,1415289661,15,Google Chrome
1415294715,1415295840,1125,Google Chrome
1415299896,1415300327,431,Google Chrome
1415306220,1415306640,420,Google Chrome
1415307822,1415308290,468,Google Chrome
1415309764,1415310240,476,Google Chrome
1415311438,1415311907,469,Google Chrome
1415313540,1415313975,435,Google Chrome
1415317935,1415318161,226,Google Chrome
1415328975,1415328991,16,Google Chrome
1415345271,1415345415,144,Google Chrome
1415369034,1415370376,1342,Google Chrome
1415383251,1415383560,309,Google Chrome
1415394376,1415394391,15,Google Chrome
1415400373,1415402611,2238,Google Chrome
1415413427,1415413440,13,Google Chrome
1415440476,1415440651,175,Google Chrome
1415447151,1415447267,116,Google Chrome
1415453340,1415462386,9046,Google Chrome
1415466000,1415466166,166,Google Chrome
1415467020,1415467080,60,Google Chrome
1415470429,1415470771,342,Google Chrome
1415475809,1415476291,482,Google Chrome
1415478012,1415479800,1788,Google Chrome
1415484911,1415485291,380,Google Chrome
1415489192,1415489460,268,Google Chrome
1415490505,1415490840,335,Google Chrome
1415501655,1415501670,15,Google Chrome
1415528915,1415529091,176,Google Chrome
1415538092,1415538167,75,Google Chrome
1415559660,1415560486,826,Google Chrome
1415568000,1415569846,1846,Google Chrome
1415570520,1415573416,2896,Google Chrome
1415573836,1415575006,1170,Google Chrome
1415585820,1415585835,15,Google Chrome
1415600831,1415601047,216,Google Chrome
1415636460,1415636626,166,Google Chrome
1415644740,1415646540,1800,Google Chrome
1415649158,1415649555,397,Google Chrome
1415650747,1415656666,5919,Google Chrome
1415660280,1415660340,60,Google Chrome
1415720255,1415722816,2561,Google Chrome
1415728874,1415729386,512,Google Chrome
1415729881,1415732940,3059,Google Chrome
1415733502,1415733600,98,Google Chrome
1415735806,1415735880,74,Google Chrome
1415740140,1415740260,120,Google Chrome
1415742228,1415742260,32,Google Chrome
1415773680,1415774252,572,Google Chrome
1415785067,1415785081,14,Google Chrome
1415797102,1415797936,834,Google Chrome
1415808751,1415808766,15,Google Chrome
1415824381,1415824486,105,Google Chrome
1415825760,1415826031,271,Google Chrome
1415827967,1415829316,1349,Google Chrome
1415840131,1415840146,15,Google Chrome
1415859900,1415859931,31,Google Chrome
1415862871,1415863621,750,Google Chrome
1415874435,1415874450,15,Google Chrome
1415882377,1415882520,143,Google Chrome
1415900713,1415901556,843,Google Chrome
1415903691,1415905294,1603,Google Chrome
1415912761,1415913180,419,Google Chrome
1415952441,1415952615,174,Google Chrome
1415954201,1415954475,274,Google Chrome
1415965290,1415965305,15,Google Chrome
1415985000,1415985045,45,Google Chrome
1415995140,1415997241,2101,Google Chrome
1415997807,1416003075,5268,Google Chrome
1416013890,1416013905,15,Google Chrome
1416043500,1416043546,46,Google Chrome
1416054361,1416054376,15,Google Chrome
1416067395,1416068851,1456,Google Chrome
1416072462,1416072511,49,Google Chrome
1416080040,1416080131,91,Google Chrome
1416086089,1416087031,942,Google Chrome
1416087588,1416088980,1392,Google Chrome
1416089673,1416090615,942,Google Chrome
1416132517,1416133140,623,Google Chrome
1416143956,1416143972,16,Google Chrome
1416148348,1416148651,303,Google Chrome
1416159465,1416159480,15,Google Chrome
1416167699,1416167971,272,Google Chrome
1416171716,1416172187,471,Google Chrome
1416205500,1416205620,120,Google Chrome
1416216434,1416216450,16,Google Chrome
1416245959,1416246075,116,Google Chrome
1416253799,1416254281,482,Google Chrome
1416259915,1416260056,141,Google Chrome
1416270871,1416270886,15,Google Chrome
1416295560,1416295659,99,Google Chrome
1416308406,1416308491,85,Google Chrome
1416309332,1416309451,119,Google Chrome
1416314549,1416314927,378,Google Chrome
1416319920,1416320017,97,Google Chrome
1416330831,1416330855,24,Google Chrome
1416332304,1416332926,622,Google Chrome
1416333600,1416333720,120,Google Chrome
1416344535,1416344550,15,Google Chrome
1416378420,1416378527,107,Google Chrome
1416381660,1416381967,307,Google Chrome
1416392781,1416392797,16,Google Chrome
1416418207,1416418995,788,Google Chrome
1416429810,1416429825,15,Google Chrome
1416436201,1416436247,46,Google Chrome
1416447061,1416447076,15,Google Chrome
1416464670,1416464747,77,Google Chrome
1416475560,1416475576,16,Google Chrome
1416506462,1416508155,1693,Google Chrome
1416518970,1416518986,16,Google Chrome
1416559560,1416559651,91,Google Chrome
1416570466,1416570480,14,Google Chrome
1416577487,1416577652,165,Google Chrome
1416588467,1416588480,13,Google Chrome
1416602423,1416602867,444,Google Chrome
1416613680,1416613696,16,Google Chrome
1416651062,1416651496,434,Google Chrome
1416662311,1416662326,15,Google Chrome
1416676021,1416676471,450,Google Chrome
1416683409,1416684180,771,Google Chrome
1416692116,1416692326,210,Google Chrome
1416692850,1416699931,7081,Google Chrome
1416703540,1416703560,20,Google Chrome
1416736500,1416737372,872,Google Chrome
1416748186,1416748215,29,Google Chrome
1416750259,1416754427,4168,Google Chrome
1416755460,1416757426,1966,Google Chrome
1416757935,1416760231,2296,Google Chrome
1416766815,1416767146,331,Google Chrome
1416771360,1416772111,751,Google Chrome
1416780137,1416780180,43,Google Chrome
1416781736,1416781860,124,Google Chrome
1416782507,1416782940,433,Google Chrome
1416793756,1416793771,15,Google Chrome
1416833389,1416833679,290,Google Chrome
1416844494,1416844509,15,Google Chrome
1416846791,1416849031,2240,Google Chrome
1416855733,1416856246,513,Google Chrome
1416864361,1416867555,3194,Google Chrome
1416878370,1416878385,15,Google Chrome
1416945360,1416945376,16,Google Chrome
1416946732,1416948780,2048,Google Chrome
1416949636,1416949846,210,Google Chrome
1416953460,1416953490,30,Google Chrome
1416953900,1416954196,296,Google Chrome
1416965011,1416965027,16,Google Chrome
1416986460,1416986535,75,Google Chrome
1416997350,1416997365,15,Google Chrome
1417007341,1417007400,59,Google Chrome
1417018216,1417018231,15,Google Chrome
1417022051,1417022133,82,Google Chrome
1417032947,1417032960,13,Google Chrome
1417036023,1417036351,328,Google Chrome
1417038577,1417038900,323,Google Chrome
1417049715,1417049731,16,Google Chrome
1417096373,1417096546,173,Google Chrome
1417107300,1417107316,16,Google Chrome
1417107805,1417110931,3126,Google Chrome
1417182840,1417183171,331,Google Chrome
1417190438,1417190550,112,Google Chrome
1417191421,1417193311,1890,Google Chrome
1417204127,1417204140,13,Google Chrome
1417381068,1417382866,1798,Google Chrome
1417448220,1417451761,3541,Google Chrome
1417453795,1417454206,411,Google Chrome
1417458841,1417459290,449,Google Chrome
1417470106,1417470120,14,Google Chrome
1417504936,1417505071,135,Google Chrome
1417515885,1417515900,15,Google Chrome
1417524666,1417524780,114,Google Chrome
1417525795,1417525826,31,Google Chrome
1417539467,1417541777,2310,Google Chrome
1417546442,1417547026,584,Google Chrome
1417550640,1417550671,31,Google Chrome
1417556280,1417556491,211,Google Chrome
1417559872,1417560331,459,Google Chrome
1417571147,1417571160,13,Google Chrome
1417609940,1417611660,1720,Google Chrome
1417612122,1417612293,171,Google Chrome
1417623105,1417623120,15,Google Chrome
1417626425,1417628655,2230,Google Chrome
1417638444,1417639290,846,Google Chrome
1417650106,1417650120,14,Google Chrome
1417675634,1417675860,226,Google Chrome
1417677494,1417677720,226,Google Chrome
1417688535,1417688550,15,Google Chrome
1417697255,1417698091,836,Google Chrome
1417708906,1417708920,14,Google Chrome
1417712079,1417712768,689,Google Chrome
1417713131,1417713256,125,Google Chrome
1417713987,1417714831,844,Google Chrome
1417716038,1417716196,158,Google Chrome
1417718198,1417718655,457,Google Chrome
1417721051,1417722091,1040,Google Chrome
1417722732,1417724295,1563,Google Chrome
1417735110,1417735126,16,Google Chrome
1417767060,1417767516,456,Google Chrome
1417768241,1417768291,50,Google Chrome
1417779105,1417779120,15,Google Chrome
1417788720,1417788780,60,Google Chrome
1417789425,1417789560,135,Google Chrome
1417790864,1417794000,3136,Google Chrome
1417794811,1417805926,11115,Google Chrome
1417812840,1417813320,480,Google Chrome
1417815021,1417815615,594,Google Chrome
1417816548,1417820040,3492,Google Chrome
1417823204,1417823686,482,Google Chrome
1417824290,1417824840,550,Google Chrome
1417825531,1417826353,822,Google Chrome
1417837155,1417837170,15,Google Chrome
1417861250,1417862400,1150,Google Chrome
1417863136,1417863435,299,Google Chrome
1417868896,1417869556,660,Google Chrome
1417872407,1417872766,359,Google Chrome
1417873500,1417874327,827,Google Chrome
1417876171,1417877191,1020,Google Chrome
1417877956,1417878360,404,Google Chrome
1417887441,1417891954,4513,Google Chrome
1417895563,1417895641,78,Google Chrome
1417899251,1417900156,905,Google Chrome
1417902595,1417905000,2405,Google Chrome
1417905481,1417905916,435,Google Chrome
1417906831,1417907656,825,Google Chrome
1417908166,1417910400,2234,Google Chrome
1417910400,1417910896,496,Google Chrome
1417921712,1417921727,15,Google Chrome
1417947120,1417947151,31,Google Chrome
1417952587,1417962095,9508,Google Chrome
1417964892,1417965481,589,Google Chrome
1417967439,1417971510,4071,Google Chrome
1417972099,1417972680,581,Google Chrome
1417981982,1417982251,269,Google Chrome
1417988747,1417989226,479,Google Chrome
1418058000,1418061181,3181,Google Chrome
1418070190,1418070271,81,Google Chrome
1418070675,1418073466,2791,Google Chrome
1418075086,1418075251,165,Google Chrome
1418076376,1418076720,344,Google Chrome
1418078207,1418079692,1485,Google Chrome
1418130360,1418130693,333,Google Chrome
1418141507,1418141520,13,Google Chrome
1418142293,1418150927,8634,Google Chrome
1418154668,1418154811,143,Google Chrome
1418214060,1418214391,331,Google Chrome
1418216145,1418218695,2550,Google Chrome
1418220413,1418222820,2407,Google Chrome
1418232542,1418233606,1064,Google Chrome
1418235947,1418236140,193,Google Chrome
1418236650,1418240026,3376,Google Chrome
1418280960,1418281560,600,Google Chrome
1418292375,1418292391,16,Google Chrome
1418315783,1418315820,37,Google Chrome
1418323349,1418323935,586,Google Chrome
1418330518,1418330640,122,Google Chrome
1418341454,1418341470,16,Google Chrome
1418371464,1418373811,2347,Google Chrome
1418384625,1418384640,15,Google Chrome
1418390966,1418391091,125,Google Chrome
1418395981,1418397571,1590,Google Chrome
1418401520,1418402267,747,Google Chrome
1418404380,1418404954,574,Google Chrome
1418415769,1418415781,12,Google Chrome
1418421224,1418421420,196,Google Chrome
1418425028,1418425291,263,Google Chrome
1418466473,1418468266,1793,Google Chrome
1418474640,1418474715,75,Google Chrome
1418477481,1418486656,9175,Google Chrome
1418487110,1418487125,15,Google Chrome
1418488177,1418488920,743,Google Chrome
1418493120,1418494395,1275,Google Chrome
1418494781,1418500471,5690,Google Chrome
1418501011,1418502766,1755,Google Chrome
1418504747,1418505031,284,Google Chrome
1418506980,1418507971,991,Google Chrome
1418508720,1418509215,495,Google Chrome
1418509951,1418515200,5249,Google Chrome
1418515200,1418516386,1186,Google Chrome
1418546400,1418546416,16,Google Chrome
1418547348,1418549746,2398,Google Chrome
1418550811,1418551666,855,Google Chrome
1418552100,1418554367,2267,Google Chrome
1418558040,1418558146,106,Google Chrome
1418561251,1418561340,89,Google Chrome
1418561956,1418562075,119,Google Chrome
1418562736,1418564506,1770,Google Chrome
1418565047,1418565120,73,Google Chrome
1418565527,1418567640,2113,Google Chrome
1418568271,1418568661,390,Google Chrome
1418571015,1418571316,301,Google Chrome
1418571795,1418571886,91,Google Chrome
1418572680,1418572935,255,Google Chrome
1418573328,1418573911,583,Google Chrome
1418576715,1418576731,16,Google Chrome
1418579527,1418580060,533,Google Chrome
1418585198,1418586780,1582,Google Chrome
1418587592,1418587652,60,Google Chrome
1418588040,1418588220,180,Google Chrome
1418589888,1418589900,12,Google Chrome
1418590309,1418591535,1226,Google Chrome
1418592091,1418592391,300,Google Chrome
1418592904,1418594431,1527,Google Chrome
1418594851,1418595376,525,Google Chrome
1418596666,1418596696,30,Google Chrome
1418598000,1418598015,15,Google Chrome
1418625555,1418625647,92,Google Chrome
1418652256,1418652586,330,Google Chrome
1418655469,1418658586,3117,Google Chrome
1418659181,1418660206,1025,Google Chrome
1418661841,1418661960,119,Google Chrome
1418663280,1418664240,960,Google Chrome
1418665811,1418667150,1339,Google Chrome
1418669671,1418669927,256,Google Chrome
1418671057,1418671426,369,Google Chrome
1418672055,1418672776,721,Google Chrome
1418674017,1418675431,1414,Google Chrome
1418675820,1418676135,315,Google Chrome
1418676660,1418677846,1186,Google Chrome
1418680321,1418680352,31,Google Chrome
1418844473,1418850167,5694,Google Chrome
1418860980,1418860996,16,Google Chrome
1418921375,1418932260,10885,Google Chrome
1418935869,1418935920,51,Google Chrome
1418939529,1418939560,31,Google Chrome
1418943180,1418943226,46,Google Chrome
1418975640,1418976466,826,Google Chrome
1418977064,1418977500,436,Google Chrome
1418978567,1418978656,89,Google Chrome
1418989472,1418989487,15,Google Chrome
1418990580,1418994692,4112,Google Chrome
1418999531,1418999611,80,Google Chrome
1419000209,1419000435,226,Google Chrome
1419002077,1419002101,24,Google Chrome
1419007158,1419007380,222,Google Chrome
1419008086,1419012916,4830,Google Chrome
1419015316,1419015840,524,Google Chrome
1419065671,1419067307,1636,Google Chrome
1419068926,1419068955,29,Google Chrome
1419069820,1419072240,2420,Google Chrome
1419078061,1419078077,16,Google Chrome
1419078451,1419079696,1245,Google Chrome
1419080252,1419080687,435,Google Chrome
1419081406,1419090900,9494,Google Chrome
1419151335,1419151591,256,Google Chrome
1419151963,1419155491,3528,Google Chrome
1419160270,1419160907,637,Google Chrome
1419171240,1419171467,227,Google Chrome
1419175260,1419177240,1980,Google Chrome
1419177633,1419181035,3402,Google Chrome
1419181916,1419181932,16,Google Chrome
1419184080,1419184591,511,Google Chrome
1419186104,1419186256,152,Google Chrome
1419187521,1419189375,1854,Google Chrome
1419190386,1419191296,910,Google Chrome
1419192498,1419194311,1813,Google Chrome
1419194748,1419198391,3643,Google Chrome
1419199620,1419199800,180,Google Chrome
1419248526,1419249364,838,Google Chrome
1419328140,1419328299,159,Google Chrome
1419331071,1419331187,116,Google Chrome
1419342000,1419342016,16,Google Chrome
1419349902,1419350041,139,Google Chrome
1419360856,1419360871,15,Google Chrome
1419416939,1419417195,256,Google Chrome
1419420805,1419420840,35,Google Chrome
1419424450,1419424481,31,Google Chrome
1419428100,1419428146,46,Google Chrome
1419448289,1419448620,331,Google Chrome
1419459435,1419459450,15,Google Chrome
1419489052,1419492166,3114,Google Chrome
1419499560,1419499651,91,Google Chrome
1419501201,1419501511,310,Google Chrome
1419512326,1419512340,14,Google Chrome
1419593490,1419593536,46,Google Chrome
1419619212,1419619306,94,Google Chrome
1419620100,1419620206,106,Google Chrome
1419624900,1419624975,75,Google Chrome
1419631252,1419632431,1179,Google Chrome
1419643246,1419643261,15,Google Chrome
1419667753,1419668206,453,Google Chrome
1419697800,1419697860,60,Google Chrome
1419708674,1419708689,15,Google Chrome
1419720783,1419721620,837,Google Chrome
1419732435,1419732450,15,Google Chrome
1419766660,1419766680,20,Google Chrome
1419774371,1419779896,5525,Google Chrome
1419790711,1419790726,15,Google Chrome
1419796500,1419797971,1471,Google Chrome
1419798385,1419798436,51,Google Chrome
1419799900,1419800447,547,Google Chrome
1419801720,1419803790,2070,Google Chrome
1419804249,1419805380,1131,Google Chrome
1419806189,1419806280,91,Google Chrome
1419843660,1419845536,1876,Google Chrome
1419847640,1419847907,267,Google Chrome
1419851460,1419851491,31,Google Chrome
1419856439,1419856456,17,Google Chrome
1419859614,1419859630,16,Google Chrome
1419862080,1419862143,63,Google Chrome
1419872958,1419872973,15,Google Chrome
1419957000,1419957736,736,Google Chrome
1419966660,1419967591,931,Google Chrome
1419971200,1419971235,35,Google Chrome
1419975746,1419975780,34,Google Chrome
1419979389,1419979440,51,Google Chrome
1419981904,1419982411,507,Google Chrome
1419993226,1419993241,15,Google Chrome
1420017941,1420017972,31,Google Chrome
1420018695,1420018875,180,Google Chrome
1420019326,1420019506,180,Google Chrome
1420020750,1420022866,2116,Google Chrome
1420023260,1420023540,280,Google Chrome
1420027320,1420027426,106,Google Chrome
1420032120,1420033276,1156,Google Chrome
1420034236,1420034311,75,Google Chrome
1420034808,1420035180,372,Google Chrome
1420036695,1420036726,31,Google Chrome
1420037263,1420037280,17,Google Chrome
1420038047,1420038287,240,Google Chrome
1420039500,1420039921,421,Google Chrome
1420049551,1420051215,1664,Google Chrome
1420052014,1420053660,1646,Google Chrome
1420054197,1420058700,4503,Google Chrome
1420063980,1420064280,300,Google Chrome
1420065887,1420067147,1260,Google Chrome
1388537476,1388540012,2536,Sublime Text 2
1388572980,1388575367,2387,Sublime Text 2
1388575936,1388576207,271,Sublime Text 2
1388576851,1388578607,1756,Sublime Text 2
1388579160,1388579476,316,Sublime Text 2
1388580227,1388580587,360,Sublime Text 2
1388598512,1388598631,119,Sublime Text 2
1388601935,1388602215,280,Sublime Text 2
1388602636,1388603056,420,Sublime Text 2
1388658691,1388661496,2805,Sublime Text 2
1388662935,1388662984,49,Sublime Text 2
1388663400,1388664360,960,Sublime Text 2
1388668877,1388670638,1761,Sublime Text 2
1388676682,1388682120,5438,Sublime Text 2
1388687011,1388689292,2281,Sublime Text 2
1388689772,1388690760,988,Sublime Text 2
1388845666,1388845711,45,Sublime Text 2
1388846640,1388846747,107,Sublime Text 2
1388847586,1388848140,554,Sublime Text 2
1388848665,1388848665,0,Sublime Text 2
1389015932,1389016456,524,Sublime Text 2
1389035340,1389035731,391,Sublime Text 2
1389037727,1389037741,14,Sublime Text 2
1389043740,1389047551,3811,Sublime Text 2
1389206236,1389207075,839,Sublime Text 2
1389209672,1389210300,628,Sublime Text 2
1389211126,1389211456,330,Sublime Text 2
1389288692,1389289667,975,Sublime Text 2
1389384867,1389385172,305,Sublime Text 2
1389449536,1389449552,16,Sublime Text 2
1389450048,1389452836,2788,Sublime Text 2
1389453752,1389454787,1035,Sublime Text 2
1389530147,1389530551,404,Sublime Text 2
1389531227,1389531392,165,Sublime Text 2
1389533671,1389534047,376,Sublime Text 2
1389539520,1389540452,932,Sublime Text 2
1389553967,1389554460,493,Sublime Text 2
1389557116,1389557507,391,Sublime Text 2
1389822060,1389822795,735,Sublime Text 2
1389897556,1389900676,3120,Sublime Text 2
1389901969,1389903136,1167,Sublime Text 2
1389950236,1389952152,1916,Sublime Text 2
1389974567,1389974747,180,Sublime Text 2
1389981736,1389983747,2011,Sublime Text 2
1390232627,1390233420,793,Sublime Text 2
1390233976,1390239315,5339,Sublime Text 2
1390239728,1390241820,2092,Sublime Text 2
1390249156,1390255515,6359,Sublime Text 2
1390325356,1390325716,360,Sublime Text 2
1390328439,1390329976,1537,Sublime Text 2
1390330696,1390330756,60,Sublime Text 2
1390334606,1390337640,3034,Sublime Text 2
1390412525,1390412525,0,Sublime Text 2
1390416451,1390419331,2880,Sublime Text 2
1390426290,1390429020,2730,Sublime Text 2
1390583956,1390588740,4784,Sublime Text 2
1390589280,1390592132,2852,Sublime Text 2
1390649400,1390650735,1335,Sublime Text 2
1390655476,1390658400,2924,Sublime Text 2
1390658836,1390660680,1844,Sublime Text 2
1390661268,1390663635,2367,Sublime Text 2
1390664493,1390670040,5547,Sublime Text 2
1390684967,1390684980,13,Sublime Text 2
1390686005,1390691041,5036,Sublime Text 2
1390734976,1390735020,44,Sublime Text 2
1390735428,1390735487,59,Sublime Text 2
1390737360,1390737856,496,Sublime Text 2
1390841687,1390851228,9541,Sublime Text 2
1390853611,1390855127,1516,Sublime Text 2
1390855620,1390855800,180,Sublime Text 2
1390857691,1390858232,541,Sublime Text 2
1390930980,1390935255,4275,Sublime Text 2
1390940955,1390943160,2205,Sublime Text 2
1391098996,1391101336,2340,Sublime Text 2
1391102252,1391102927,675,Sublime Text 2
1391103391,1391109931,6540,Sublime Text 2
1391111904,1391112488,584,Sublime Text 2
1391114994,1391115571,577,Sublime Text 2
1391117159,1391117596,437,Sublime Text 2
1391118720,1391119182,462,Sublime Text 2
1391120065,1391120760,695,Sublime Text 2
1391174896,1391175708,812,Sublime Text 2
1391180988,1391184660,3672,Sublime Text 2
1391185095,1391185324,229,Sublime Text 2
1391185857,1391185995,138,Sublime Text 2
1391187287,1391187391,104,Sublime Text 2
1391188487,1391188980,493,Sublime Text 2
1391193208,1391193360,152,Sublime Text 2
1391193987,1391195296,1309,Sublime Text 2
1391195715,1391196129,414,Sublime Text 2
1391198206,1391198531,325,Sublime Text 2
1391201088,1391201747,659,Sublime Text 2
1391241563,1391246866,5303,Sublime Text 2
1391250606,1391250622,16,Sublime Text 2
1391332440,1391339327,6887,Sublime Text 2
1391340991,1391343939,2948,Sublime Text 2
1391344576,1391344891,315,Sublime Text 2
1391347156,1391348927,1771,Sublime Text 2
1391349320,1391352031,2711,Sublime Text 2
1391355600,1391356067,467,Sublime Text 2
1391357875,1391358376,501,Sublime Text 2
1391379195,1391379211,16,Sublime Text 2
1391433587,1391433616,29,Sublime Text 2
1391445495,1391446051,556,Sublime Text 2
1391515996,1391516115,119,Sublime Text 2
1391516732,1391517075,343,Sublime Text 2
1391517706,1391518607,901,Sublime Text 2
1391519221,1391519867,646,Sublime Text 2
1391521096,1391524156,3060,Sublime Text 2
1391524695,1391526632,1937,Sublime Text 2
1391527860,1391528072,212,Sublime Text 2
1391605260,1391605291,31,Sublime Text 2
1391605980,1391605998,18,Sublime Text 2
1391707281,1391707936,655,Sublime Text 2
1391723580,1391725127,1547,Sublime Text 2
1391766151,1391767171,1020,Sublime Text 2
1391784016,1391784180,164,Sublime Text 2
1391950696,1391950712,16,Sublime Text 2
1392045496,1392045511,15,Sublime Text 2
1392206656,1392206851,195,Sublime Text 2
1392313080,1392313246,166,Sublime Text 2
1392314895,1392315856,961,Sublime Text 2
1392388396,1392390255,1859,Sublime Text 2
1392462015,1392462091,76,Sublime Text 2
1392462795,1392463201,406,Sublime Text 2
1392480840,1392482100,1260,Sublime Text 2
1392499500,1392499680,180,Sublime Text 2
1392574231,1392574860,629,Sublime Text 2
1392660931,1392661247,316,Sublime Text 2
1392747300,1392747347,47,Sublime Text 2
1392836836,1392836987,151,Sublime Text 2
1392838396,1392838427,31,Sublime Text 2
1392916127,1392916320,193,Sublime Text 2
1392920895,1392921615,720,Sublime Text 2
1393189712,1393189774,62,Sublime Text 2
1393190192,1393191331,1139,Sublime Text 2
1393360773,1393362691,1918,Sublime Text 2
1393364236,1393364327,91,Sublime Text 2
1393365835,1393366247,412,Sublime Text 2
1393419300,1393421835,2535,Sublime Text 2
1393422496,1393423367,871,Sublime Text 2
1393424296,1393428047,3751,Sublime Text 2
1393518452,1393518600,148,Sublime Text 2
1393520207,1393520312,105,Sublime Text 2
1393528352,1393528427,75,Sublime Text 2
1393597067,1393597096,29,Sublime Text 2
1393597576,1393597936,360,Sublime Text 2
1393606711,1393607311,600,Sublime Text 2
1393608016,1393609411,1395,Sublime Text 2
1393609907,1393610640,733,Sublime Text 2
1393611316,1393612832,1516,Sublime Text 2
1393613207,1393616280,3073,Sublime Text 2
1393627967,1393629886,1919,Sublime Text 2
1393686196,1393686211,15,Sublime Text 2
1393686615,1393687260,645,Sublime Text 2
1393687651,1393687967,316,Sublime Text 2
1393688356,1393688460,104,Sublime Text 2
1393689031,1393690231,1200,Sublime Text 2
1393691866,1393692356,490,Sublime Text 2
1393693500,1393693934,434,Sublime Text 2
1393695116,1393697132,2016,Sublime Text 2
1393775280,1393775340,60,Sublime Text 2
1393857240,1393859611,2371,Sublime Text 2
1393876080,1393876140,60,Sublime Text 2
1393925551,1393926631,1080,Sublime Text 2
1394045520,1394046480,960,Sublime Text 2
1394052707,1394053011,304,Sublime Text 2
1394053756,1394057432,3676,Sublime Text 2
1394058135,1394058213,78,Sublime Text 2
1394059156,1394059307,151,Sublime Text 2
1394127900,1394129026,1126,Sublime Text 2
1394188816,1394188891,75,Sublime Text 2
1394558792,1394559106,314,Sublime Text 2
1394734351,1394734516,165,Sublime Text 2
1394808016,1394808075,59,Sublime Text 2
1394808780,1394808960,180,Sublime Text 2
1394810507,1394810880,373,Sublime Text 2
1394884547,1394884727,180,Sublime Text 2
1394885133,1394890500,5367,Sublime Text 2
1394904931,1394908035,3104,Sublime Text 2
1394908591,1394910931,2340,Sublime Text 2
1394912319,1394915838,3519,Sublime Text 2
1394916258,1394917155,897,Sublime Text 2
1394917696,1394921326,3630,Sublime Text 2
1394921940,1394922872,932,Sublime Text 2
1394923935,1394924448,513,Sublime Text 2
1394976076,1394977231,1155,Sublime Text 2
1394977711,1394980487,2776,Sublime Text 2
1394981507,1394982376,869,Sublime Text 2
1394982828,1394987535,4707,Sublime Text 2
1394989260,1394989500,240,Sublime Text 2
1395075315,1395076291,976,Sublime Text 2
1395079180,1395079487,307,Sublime Text 2
1395083820,1395083851,31,Sublime Text 2
1395135032,1395135227,195,Sublime Text 2
1395421095,1395421800,705,Sublime Text 2
1395496395,1395496500,105,Sublime Text 2
1395497356,1395497567,211,Sublime Text 2
1395512880,1395514021,1141,Sublime Text 2
1395687436,1395687452,16,Sublime Text 2
1396020932,1396021260,328,Sublime Text 2
1396029856,1396030231,375,Sublime Text 2
1396030967,1396031131,164,Sublime Text 2
1396112927,1396113676,749,Sublime Text 2
1396114215,1396114412,197,Sublime Text 2
1396122211,1396123727,1516,Sublime Text 2
1396124296,1396125900,1604,Sublime Text 2
1396131878,1396132080,202,Sublime Text 2
1396173647,1396178880,5233,Sublime Text 2
1396189186,1396189936,750,Sublime Text 2
1396194707,1396195067,360,Sublime Text 2
1396197512,1396198276,764,Sublime Text 2
1396204067,1396204771,704,Sublime Text 2
1396212675,1396212811,136,Sublime Text 2
1396214235,1396214498,263,Sublime Text 2
1396215511,1396215781,270,Sublime Text 2
1396218016,1396218135,119,Sublime Text 2
1396219036,1396219351,315,Sublime Text 2
1396253960,1396254616,656,Sublime Text 2
1396255516,1396257016,1500,Sublime Text 2
1396515840,1396518196,2356,Sublime Text 2
1396559147,1396562131,2984,Sublime Text 2
1396562760,1396562807,47,Sublime Text 2
1396604147,1396604191,44,Sublime Text 2
1396604807,1396604956,149,Sublime Text 2
1396605587,1396605691,104,Sublime Text 2
1396617347,1396617452,105,Sublime Text 2
1396695526,1396696771,1245,Sublime Text 2
1396787460,1396790281,2821,Sublime Text 2
1396796765,1396796820,55,Sublime Text 2
1396803316,1396803347,31,Sublime Text 2
1396809835,1396809882,47,Sublime Text 2
1396885095,1396889131,4036,Sublime Text 2
1396889835,1396890991,1156,Sublime Text 2
1396900696,1396901971,1275,Sublime Text 2
1397047260,1397048146,886,Sublime Text 2
1397048732,1397049331,599,Sublime Text 2
1397210566,1397210640,74,Sublime Text 2
1397222160,1397222716,556,Sublime Text 2
1397327131,1397327476,345,Sublime Text 2
1397498896,1397499511,615,Sublime Text 2
1397573927,1397574407,480,Sublime Text 2
1397666760,1397667000,240,Sublime Text 2
1397843880,1397844136,256,Sublime Text 2
1397919931,1397920131,200,Sublime Text 2
1397946736,1397946960,224,Sublime Text 2
1398079831,1398087767,7936,Sublime Text 2
1398088276,1398089281,1005,Sublime Text 2
1398090540,1398090856,316,Sublime Text 2
1398091486,1398091696,210,Sublime Text 2
1398092491,1398092851,360,Sublime Text 2
1398093420,1398095207,1787,Sublime Text 2
1398095927,1398098206,2279,Sublime Text 2
1398100560,1398100921,361,Sublime Text 2
1398103833,1398103833,0,Sublime Text 2
1398174543,1398175772,1229,Sublime Text 2
1398250680,1398250741,61,Sublime Text 2
1398253232,1398253456,224,Sublime Text 2
1398257749,1398261511,3762,Sublime Text 2
1398262727,1398263327,600,Sublime Text 2
1398263851,1398265920,2069,Sublime Text 2
1398266820,1398275641,8821,Sublime Text 2
1398338496,1398341971,3475,Sublime Text 2
1398357975,1398358216,241,Sublime Text 2
1398359160,1398359911,751,Sublime Text 2
1398360467,1398365400,4933,Sublime Text 2
1398366047,1398367187,1140,Sublime Text 2
1398367727,1398368356,629,Sublime Text 2
1398368835,1398369616,781,Sublime Text 2
1398415711,1398416327,616,Sublime Text 2
1398416747,1398416927,180,Sublime Text 2
1398436336,1398437867,1531,Sublime Text 2
1398441916,1398442291,375,Sublime Text 2
1398449491,1398450360,869,Sublime Text 2
1398451080,1398452867,1787,Sublime Text 2
1398502651,1398502771,120,Sublime Text 2
1398511501,1398514096,2595,Sublime Text 2
1398517200,1398517500,300,Sublime Text 2
1398539947,1398540047,100,Sublime Text 2
1398542117,1398542431,314,Sublime Text 2
1398553996,1398554012,16,Sublime Text 2
1398598867,1398599027,160,Sublime Text 2
1398600452,1398600840,388,Sublime Text 2
1398601547,1398601741,194,Sublime Text 2
1398602475,1398602551,76,Sublime Text 2
1398602940,1398603691,751,Sublime Text 2
1398604187,1398604200,13,Sublime Text 2
1398605251,1398605267,16,Sublime Text 2
1398606241,1398606811,570,Sublime Text 2
1398620432,1398620460,28,Sublime Text 2
1398621751,1398622052,301,Sublime Text 2
1398623072,1398623160,88,Sublime Text 2
1398637187,1398637234,47,Sublime Text 2
1398689207,1398689627,420,Sublime Text 2
1398690947,1398691187,240,Sublime Text 2
1398722460,1398722611,151,Sublime Text 2
1398723347,1398724367,1020,Sublime Text 2
1398796680,1398797807,1127,Sublime Text 2
1398798660,1398798720,60,Sublime Text 2
1398803835,1398804360,525,Sublime Text 2
1398805847,1398805860,13,Sublime Text 2
1398883907,1398884880,973,Sublime Text 2
1398949352,1398949427,75,Sublime Text 2
1398964140,1398965071,931,Sublime Text 2
1398965535,1398966315,780,Sublime Text 2
1399039114,1399039620,506,Sublime Text 2
1399054009,1399054080,71,Sublime Text 2
1399241791,1399242107,316,Sublime Text 2
1399243351,1399243367,16,Sublime Text 2
1399293767,1399294095,328,Sublime Text 2
1399294576,1399294576,0,Sublime Text 2
1399303200,1399304371,1171,Sublime Text 2
1399305691,1399306156,465,Sublime Text 2
1399322551,1399322687,136,Sublime Text 2
1399397220,1399398960,1740,Sublime Text 2
1399485420,1399485780,360,Sublime Text 2
1399486216,1399488480,2264,Sublime Text 2
1399489651,1399490956,1305,Sublime Text 2
1399500260,1399500526,266,Sublime Text 2
1399502372,1399502416,44,Sublime Text 2
1399572076,1399574640,2564,Sublime Text 2
1399665060,1399665271,211,Sublime Text 2
1399665720,1399667251,1531,Sublime Text 2
1399730652,1399731960,1308,Sublime Text 2
1399732500,1399736520,4020,Sublime Text 2
1399736927,1399737000,73,Sublime Text 2
1399746587,1399746675,88,Sublime Text 2
1399747247,1399747351,104,Sublime Text 2
1399836616,1399836691,75,Sublime Text 2
1399838312,1399838416,104,Sublime Text 2
1399840301,1399842480,2179,Sublime Text 2
1399910416,1399910687,271,Sublime Text 2
1399911227,1399911766,539,Sublime Text 2
1399919040,1399919206,166,Sublime Text 2
1399926975,1399926991,16,Sublime Text 2
1400005800,1400006011,211,Sublime Text 2
1400086966,1400088000,1034,Sublime Text 2
1400184136,1400185848,1712,Sublime Text 2
1400186760,1400187631,871,Sublime Text 2
1400188080,1400188860,780,Sublime Text 2
1400226016,1400226751,735,Sublime Text 2
1400227471,1400228207,736,Sublime Text 2
1400228672,1400228732,60,Sublime Text 2
1400259015,1400259540,525,Sublime Text 2
1400433751,1400434472,721,Sublime Text 2
1400436287,1400439900,3613,Sublime Text 2
1400520571,1400521140,569,Sublime Text 2
1400530644,1400530727,83,Sublime Text 2
1400617156,1400617188,32,Sublime Text 2
1400694674,1400694915,241,Sublime Text 2
1400790780,1400793855,3075,Sublime Text 2
1400875080,1400875428,348,Sublime Text 2
1400876120,1400877511,1391,Sublime Text 2
1400877992,1400878816,824,Sublime Text 2
1400936927,1400940000,3073,Sublime Text 2
1400941020,1400946556,5536,Sublime Text 2
1400950411,1400950620,209,Sublime Text 2
1400951027,1400956247,5220,Sublime Text 2
1400956620,1400958078,1458,Sublime Text 2
1401039800,1401044911,5111,Sublime Text 2
1401058966,1401059040,74,Sublime Text 2
1401106366,1401109951,3585,Sublime Text 2
1401117779,1401132300,14521,Sublime Text 2
1401133549,1401135031,1482,Sublime Text 2
1401135581,1401135880,299,Sublime Text 2
1401136500,1401138840,2340,Sublime Text 2
1401387287,1401388427,1140,Sublime Text 2
1401388936,1401390840,1904,Sublime Text 2
1401391366,1401391800,434,Sublime Text 2
1401392858,1401393102,244,Sublime Text 2
1401440516,1401457171,16655,Sublime Text 2
1401461895,1401466516,4621,Sublime Text 2
1401479101,1401479387,286,Sublime Text 2
1401569776,1401570211,435,Sublime Text 2
1401571981,1401572355,374,Sublime Text 2
1401573437,1401573556,119,Sublime Text 2
1401574006,1401575340,1334,Sublime Text 2
1401638197,1401643127,4930,Sublime Text 2
1401737851,1401738991,1140,Sublime Text 2
1401818296,1401818431,135,Sublime Text 2
1401820816,1401821371,555,Sublime Text 2
1401907981,1401910020,2039,Sublime Text 2
1401962731,1401962911,180,Sublime Text 2
1402171531,1402172387,856,Sublime Text 2
1402177800,1402178071,271,Sublime Text 2
1402239751,1402239840,89,Sublime Text 2
1402255727,1402255771,44,Sublime Text 2
1402257135,1402257451,316,Sublime Text 2
1402347900,1402348591,691,Sublime Text 2
1402423006,1402423260,254,Sublime Text 2
1402507156,1402507711,555,Sublime Text 2
1402609307,1402609427,120,Sublime Text 2
1402610661,1402611300,639,Sublime Text 2
1402694716,1402694760,44,Sublime Text 2
1402701480,1402701975,495,Sublime Text 2
1402778687,1402778972,285,Sublime Text 2
1402780547,1402780980,433,Sublime Text 2
1402781697,1402782136,439,Sublime Text 2
1402783636,1402784551,915,Sublime Text 2
1402854480,1402855531,1051,Sublime Text 2
1402855951,1402856940,989,Sublime Text 2
1402857631,1402857888,257,Sublime Text 2
1402858291,1402858307,16,Sublime Text 2
1402858966,1402862476,3510,Sublime Text 2
1402863046,1402863451,405,Sublime Text 2
1402866931,1402867111,180,Sublime Text 2
1402870111,1402870951,840,Sublime Text 2
1402871506,1402871566,60,Sublime Text 2
1403022211,1403023860,1649,Sublime Text 2
1403116080,1403116591,511,Sublime Text 2
1403116996,1403119576,2580,Sublime Text 2
1403212756,1403212884,128,Sublime Text 2
1403214005,1403214575,570,Sublime Text 2
1403217369,1403217855,486,Sublime Text 2
1403218936,1403219327,391,Sublime Text 2
1403221440,1403221607,167,Sublime Text 2
1403281860,1403285100,3240,Sublime Text 2
1403346451,1403347576,1125,Sublime Text 2
1403360460,1403360781,321,Sublime Text 2
1403361818,1403362440,622,Sublime Text 2
1403363122,1403366749,3627,Sublime Text 2
1403452367,1403453731,1364,Sublime Text 2
1403559106,1403559151,45,Sublime Text 2
1403559736,1403560471,735,Sublime Text 2
1403642820,1403643104,284,Sublime Text 2
1403643805,1403644635,830,Sublime Text 2
1403705491,1403705792,301,Sublime Text 2
1403728935,1403729146,211,Sublime Text 2
1403729971,1403730016,45,Sublime Text 2
1403788247,1403788411,164,Sublime Text 2
1403886167,1403886331,164,Sublime Text 2
1403887480,1403887756,276,Sublime Text 2
1404077612,1404077820,208,Sublime Text 2
1404141256,1404142515,1259,Sublime Text 2
1404143326,1404144451,1125,Sublime Text 2
1404151366,1404154591,3225,Sublime Text 2
1404155100,1404157066,1966,Sublime Text 2
1404157591,1404159016,1425,Sublime Text 2
1404160275,1404160620,345,Sublime Text 2
1404161446,1404161820,374,Sublime Text 2
1404164011,1404164266,255,Sublime Text 2
1404168195,1404169080,885,Sublime Text 2
1404221760,1404221914,154,Sublime Text 2
1404230040,1404234780,4740,Sublime Text 2
1404237189,1404237676,487,Sublime Text 2
1404238207,1404240091,1884,Sublime Text 2
1404241111,1404241831,720,Sublime Text 2
1404244212,1404245415,1203,Sublime Text 2
1404247367,1404247771,404,Sublime Text 2
1404248924,1404248987,63,Sublime Text 2
1404254280,1404254715,435,Sublime Text 2
1404256033,1404257520,1487,Sublime Text 2
1404286620,1404288016,1396,Sublime Text 2
1404291511,1404291750,239,Sublime Text 2
1404292344,1404292773,429,Sublime Text 2
1404293211,1404293252,41,Sublime Text 2
1404296070,1404297076,1006,Sublime Text 2
1404298877,1404299149,272,Sublime Text 2
1404311124,1404313456,2332,Sublime Text 2
1404315286,1404317220,1934,Sublime Text 2
1404338100,1404338220,120,Sublime Text 2
1404373440,1404374626,1186,Sublime Text 2
1404421612,1404421980,368,Sublime Text 2
1404423397,1404423826,429,Sublime Text 2
1404425326,1404425416,90,Sublime Text 2
1404506563,1404507046,483,Sublime Text 2
1404508426,1404508907,481,Sublime Text 2
1404510540,1404510947,407,Sublime Text 2
1404512115,1404512596,481,Sublime Text 2
1404512984,1404513360,376,Sublime Text 2
1404513888,1404514020,132,Sublime Text 2
1404515671,1404516256,585,Sublime Text 2
1404516766,1404516780,14,Sublime Text 2
1404564271,1404567480,3209,Sublime Text 2
1404735855,1404735991,136,Sublime Text 2
1404742380,1404747660,5280,Sublime Text 2
1404843480,1404844007,527,Sublime Text 2
1404931111,1404933091,1980,Sublime Text 2
1404935088,1404935236,148,Sublime Text 2
1404938182,1404938775,593,Sublime Text 2
1404939496,1404939871,375,Sublime Text 2
1404940516,1404943516,3000,Sublime Text 2
1404945317,1404945375,58,Sublime Text 2
1404988380,1405001071,12691,Sublime Text 2
1405001700,1405001716,16,Sublime Text 2
1405081951,1405083000,1049,Sublime Text 2
1405083827,1405085400,1573,Sublime Text 2
1405104780,1405105910,1130,Sublime Text 2
1405106973,1405107153,180,Sublime Text 2
1405108380,1405108876,496,Sublime Text 2
1405110737,1405113511,2774,Sublime Text 2
1405114051,1405114111,60,Sublime Text 2
1405114486,1405115011,525,Sublime Text 2
1405115446,1405115820,374,Sublime Text 2
1405117066,1405117095,29,Sublime Text 2
1405171096,1405172776,1680,Sublime Text 2
1405173211,1405175776,2565,Sublime Text 2
1405247387,1405248360,973,Sublime Text 2
1405288095,1405288740,645,Sublime Text 2
1405291080,1405293258,2178,Sublime Text 2
1405349479,1405350331,852,Sublime Text 2
1405354606,1405355655,1049,Sublime Text 2
1405360517,1405364820,4303,Sublime Text 2
1405367467,1405369695,2228,Sublime Text 2
1405378756,1405380887,2131,Sublime Text 2
1405381935,1405381995,60,Sublime Text 2
1405445175,1405445371,196,Sublime Text 2
1405446549,1405447186,637,Sublime Text 2
1405447738,1405449660,1922,Sublime Text 2
1405451267,1405452766,1499,Sublime Text 2
1405453845,1405454535,690,Sublime Text 2
1405456800,1405457100,300,Sublime Text 2
1405458225,1405458316,91,Sublime Text 2
1405464000,1405465397,1397,Sublime Text 2
1405545856,1405549680,3824,Sublime Text 2
1405609516,1405609830,314,Sublime Text 2
1405610295,1405613867,3572,Sublime Text 2
1405764256,1405767571,3315,Sublime Text 2
1405770091,1405770435,344,Sublime Text 2
1405771066,1405771186,120,Sublime Text 2
1405771560,1405771695,135,Sublime Text 2
1405772087,1405775280,3193,Sublime Text 2
1405866287,1405867486,1199,Sublime Text 2
1405868011,1405868056,45,Sublime Text 2
1405869475,1405869615,140,Sublime Text 2
1405870051,1405870560,509,Sublime Text 2
1405871249,1405873501,2252,Sublime Text 2
1405874267,1405875240,973,Sublime Text 2
1405928760,1405929000,240,Sublime Text 2
1405929691,1405931940,2249,Sublime Text 2
1405938346,1405940640,2294,Sublime Text 2
1405942020,1405944317,2297,Sublime Text 2
1406049960,1406050020,60,Sublime Text 2
1406284787,1406285791,1004,Sublime Text 2
1406374067,1406382195,8128,Sublime Text 2
1406382593,1406383651,1058,Sublime Text 2
1406384381,1406385496,1115,Sublime Text 2
1406471681,1406474236,2555,Sublime Text 2
1406477491,1406477640,149,Sublime Text 2
1406478060,1406479500,1440,Sublime Text 2
1406480086,1406480791,705,Sublime Text 2
1406481347,1406482636,1289,Sublime Text 2
1406898076,1406899666,1590,Sublime Text 2
1406901840,1406903866,2026,Sublime Text 2
1406907556,1406908337,781,Sublime Text 2
1406924640,1406926246,1606,Sublime Text 2
1406926920,1406928000,1080,Sublime Text 2
1406928495,1406932591,4096,Sublime Text 2
1407068551,1407075720,7169,Sublime Text 2
1407076306,1407077913,1607,Sublime Text 2
1407078720,1407081271,2551,Sublime Text 2
1407081720,1407084060,2340,Sublime Text 2
1407098206,1407098535,329,Sublime Text 2
1407102120,1407102331,211,Sublime Text 2
1407102751,1407104746,1995,Sublime Text 2
1407105167,1407105586,419,Sublime Text 2
1407158970,1407162000,3030,Sublime Text 2
1407162407,1407162795,388,Sublime Text 2
1407171707,1407175366,3659,Sublime Text 2
1407176267,1407177180,913,Sublime Text 2
1407178951,1407179611,660,Sublime Text 2
1407240173,1407240586,413,Sublime Text 2
1407278986,1407279631,645,Sublime Text 2
1407317130,1407334591,17461,Sublime Text 2
1407335400,1407336676,1276,Sublime Text 2
1407337080,1407337111,31,Sublime Text 2
1410196636,1410196740,104,Sublime Text 2
1416756887,1416758147,1260,Sublime Text 2
1417714020,1417714471,451,Sublime Text 2
1417802687,1417802715,28,Sublime Text 2
1417874160,1417874295,135,Sublime Text 2
1417887496,1417889356,1860,Sublime Text 2
1417961011,1417961058,47,Sublime Text 2
1417961613,1417962051,438,Sublime Text 2
1418073647,1418078626,4979,Sublime Text 2
1418079856,1418080190,334,Sublime Text 2
1418080576,1418080800,224,Sublime Text 2
1418091614,1418091629,15,Sublime Text 2
1418149395,1418149800,405,Sublime Text 2
1418504011,1418504671,660,Sublime Text 2
1418506395,1418506560,165,Sublime Text 2
1418558760,1418559091,331,Sublime Text 2
1418561520,1418561686,166,Sublime Text 2
1418565240,1418565480,240,Sublime Text 2
1418570032,1418570791,759,Sublime Text 2
1418571752,1418571780,28,Sublime Text 2
1418572216,1418572666,450,Sublime Text 2
1418573132,1418573209,77,Sublime Text 2
1418573986,1418574196,210,Sublime Text 2
1418595931,1418595991,60,Sublime Text 2
1418649796,1418649811,15,Sublime Text 2
1418651236,1418651267,31,Sublime Text 2
1418654115,1418654146,31,Sublime Text 2
1418655060,1418655390,330,Sublime Text 2
1419012811,1419012856,45,Sublime Text 2
1419013800,1419015901,2101,Sublime Text 2
1419026715,1419026731,16,Sublime Text 2
1419065640,1419066060,420,Sublime Text 2
1419066436,1419069224,2788,Sublime Text 2
1419070561,1419070576,15,Sublime Text 2
1419080387,1419086116,5729,Sublime Text 2
1419086820,1419087527,707,Sublime Text 2
1420023571,1420023766,195,Sublime Text 2
1420032466,1420034026,1560,Sublime Text 2
1420038180,1420038631,451,Sublime Text 2
1420049447,1420049476,29,Sublime Text 2
1388537431,1388538347,916,iTerm
1388538900,1388539187,287,iTerm
1388573700,1388574107,407,iTerm
1388574916,1388575351,435,iTerm
1388575815,1388575921,106,iTerm
1388576552,1388577540,988,iTerm
1388578427,1388579147,720,iTerm
1388580075,1388580767,692,iTerm
1388597911,1388597927,16,iTerm
1388601960,1388602876,916,iTerm
1388604076,1388604107,31,iTerm
1388604976,1388605020,44,iTerm
1388657191,1388657235,44,iTerm
1388658376,1388659667,1291,iTerm
1388660147,1388661047,900,iTerm
1388661467,1388661512,45,iTerm
1388662996,1388663387,391,iTerm
1388663792,1388664511,719,iTerm
1388667136,1388667316,180,iTerm
1388669071,1388669087,16,iTerm
1388678987,1388680007,1020,iTerm
1388680395,1388680651,256,iTerm
1388682540,1388682572,32,iTerm
1388687446,1388688462,1016,iTerm
1388688916,1388689260,344,iTerm
1388690508,1388690791,283,iTerm
1388827260,1388827264,4,iTerm
1388842320,1388842396,76,iTerm
1388844960,1388845740,780,iTerm
1388884620,1388884696,76,iTerm
1389017940,1389018212,272,iTerm
1389035118,1389035461,343,iTerm
1389044880,1389045932,1052,iTerm
1389046711,1389047760,1049,iTerm
1389097200,1389097500,300,iTerm
1389130307,1389130755,448,iTerm
1389131507,1389131700,193,iTerm
1389206012,1389206340,328,iTerm
1389206716,1389207530,814,iTerm
1389207960,1389208200,240,iTerm
1389208576,1389208635,59,iTerm
1389209149,1389211440,2291,iTerm
1389288647,1389290341,1694,iTerm
1389384976,1389385140,164,iTerm
1389449508,1389450468,960,iTerm
1389451711,1389451800,89,iTerm
1389452236,1389452791,555,iTerm
1389453527,1389454772,1245,iTerm
1389533687,1389534016,329,iTerm
1389615720,1389616292,572,iTerm
1389633113,1389633120,7,iTerm
1389634591,1389634771,180,iTerm
1389635220,1389635431,211,iTerm
1389636540,1389636572,32,iTerm
1389721233,1389721920,687,iTerm
1389822076,1389823051,975,iTerm
1389896356,1389896372,16,iTerm
1389896852,1389898367,1515,iTerm
1389899176,1389899327,151,iTerm
1389901920,1389903211,1291,iTerm
1389950807,1389950821,14,iTerm
1389951467,1389951991,524,iTerm
1389974716,1389974775,59,iTerm
1389975360,1389976291,931,iTerm
1389981660,1389981720,60,iTerm
1389982247,1389983912,1665,iTerm
1390165455,1390166836,1381,iTerm
1390211671,1390211715,44,iTerm
1390213200,1390213200,0,iTerm
1390213981,1390214492,511,iTerm
1390232596,1390233000,404,iTerm
1390234035,1390238460,4425,iTerm
1390238880,1390239331,451,iTerm
1390239695,1390240020,325,iTerm
1390240695,1390241161,466,iTerm
1390241731,1390241880,149,iTerm
1390249860,1390250387,527,iTerm
1390250851,1390251915,1064,iTerm
1390252471,1390253056,585,iTerm
1390253507,1390255651,2144,iTerm
1390328789,1390329151,362,iTerm
1390329991,1390330007,16,iTerm
1390334911,1390336096,1185,iTerm
1390412536,1390412567,31,iTerm
1390416496,1390417247,751,iTerm
1390426816,1390427596,780,iTerm
1390428751,1390429036,285,iTerm
1390430520,1390430687,167,iTerm
1390502311,1390502327,16,iTerm
1390584180,1390585380,1200,iTerm
1390585996,1390588607,2611,iTerm
1390589131,1390590676,1545,iTerm
1390591247,1390591651,404,iTerm
1390642668,1390642680,12,iTerm
1390649476,1390650692,1216,iTerm
1390655535,1390655567,32,iTerm
1390655956,1390657396,1440,iTerm
1390657860,1390658131,271,iTerm
1390658716,1390659632,916,iTerm
1390660020,1390660576,556,iTerm
1390661940,1390661971,31,iTerm
1390662707,1390663216,509,iTerm
1390665240,1390665991,751,iTerm
1390666607,1390667115,508,iTerm
1390667507,1390667867,360,iTerm
1390668616,1390669920,1304,iTerm
1390687140,1390689647,2507,iTerm
1390690156,1390691087,931,iTerm
1390754581,1390754598,17,iTerm
1390759531,1390760460,929,iTerm
1390778206,1390778267,61,iTerm
1390824541,1390824541,0,iTerm
1390825440,1390825456,16,iTerm
1390840799,1390840967,168,iTerm
1390842015,1390842420,405,iTerm
1390844055,1390844747,692,iTerm
1390845241,1390845527,286,iTerm
1390847267,1390847551,284,iTerm
1390848076,1390848092,16,iTerm
1390848827,1390848856,29,iTerm
1390853896,1390855260,1364,iTerm
1390855653,1390855771,118,iTerm
1390857796,1390858247,451,iTerm
1390930336,1390930395,59,iTerm
1390930876,1390932301,1425,iTerm
1390932720,1390934551,1831,iTerm
1390942607,1390943400,793,iTerm
1391025360,1391025436,76,iTerm
1391099040,1391100287,1247,iTerm
1391100840,1391101380,540,iTerm
1391103212,1391103256,44,iTerm
1391103767,1391104051,284,iTerm
1391104635,1391106075,1440,iTerm
1391106812,1391106960,148,iTerm
1391108236,1391109151,915,iTerm
1391109707,1391109947,240,iTerm
1391111885,1391112195,310,iTerm
1391115060,1391115394,334,iTerm
1391117280,1391117371,91,iTerm
1391118916,1391119096,180,iTerm
1391120191,1391120388,197,iTerm
1391120799,1391120799,0,iTerm
1391174912,1391175676,764,iTerm
1391181212,1391181227,15,iTerm
1391182620,1391183011,391,iTerm
1391183987,1391184347,360,iTerm
1391188756,1391188815,59,iTerm
1391193287,1391193332,45,iTerm
1391194336,1391194380,44,iTerm
1391195160,1391195191,31,iTerm
1391201596,1391201640,44,iTerm
1391241648,1391242652,1004,iTerm
1391243836,1391244480,644,iTerm
1391245127,1391246807,1680,iTerm
1391270791,1391270858,67,iTerm
1391272500,1391272726,226,iTerm
1391280765,1391280796,31,iTerm
1391332352,1391332680,328,iTerm
1391333807,1391334167,360,iTerm
1391334572,1391337360,2788,iTerm
1391337827,1391337840,13,iTerm
1391338560,1391339640,1080,iTerm
1391341291,1391341352,61,iTerm
1391341756,1391342535,779,iTerm
1391342940,1391344012,1072,iTerm
1391344374,1391344906,532,iTerm
1391345596,1391345627,31,iTerm
1391348386,1391348911,525,iTerm
1391351146,1391351551,405,iTerm
1391352000,1391352016,16,iTerm
1391355947,1391356021,74,iTerm
1391358316,1391358331,15,iTerm
1391379226,1391381987,2761,iTerm
1391433255,1391433720,465,iTerm
1391442227,1391442526,299,iTerm
1391443007,1391446995,3988,iTerm
1391447687,1391453192,5505,iTerm
1391459508,1391460600,1092,iTerm
1391461275,1391462820,1545,iTerm
1391482653,1391482680,27,iTerm
1391514315,1391515607,1292,iTerm
1391516131,1391516580,449,iTerm
1391517826,1391517887,61,iTerm
1391518307,1391519928,1621,iTerm
1391521078,1391524516,3438,iTerm
1391524980,1391525012,32,iTerm
1391526000,1391526571,571,iTerm
1391528627,1391530140,1513,iTerm
1391604960,1391605007,47,iTerm
1391619960,1391620006,46,iTerm
1391707816,1391708086,270,iTerm
1391723956,1391725351,1395,iTerm
1391766091,1391767231,1140,iTerm
1391783986,1391784287,301,iTerm
1392042046,1392042871,825,iTerm
1392053267,1392053280,13,iTerm
1392064980,1392065311,331,iTerm
1392070592,1392070787,195,iTerm
1392141540,1392142380,840,iTerm
1392143988,1392144000,12,iTerm
1392145215,1392145292,77,iTerm
1392206760,1392206987,227,iTerm
1392240228,1392240720,492,iTerm
1392243676,1392243707,31,iTerm
1392312047,1392313275,1228,iTerm
1392314911,1392315915,1004,iTerm
1392390331,1392390360,29,iTerm
1392390767,1392390919,152,iTerm
1392416011,1392416791,780,iTerm
1392480751,1392482176,1425,iTerm
1392494535,1392494551,16,iTerm
1392497176,1392500056,2880,iTerm
1392500930,1392501016,86,iTerm
1392562935,1392562966,31,iTerm
1392574126,1392574215,89,iTerm
1392574635,1392574936,301,iTerm
1392660871,1392661320,449,iTerm
1392673980,1392674100,120,iTerm
1392753498,1392753616,118,iTerm
1392837000,1392837048,48,iTerm
1392915976,1392916892,916,iTerm
1392920820,1392921855,1035,iTerm
1392968206,1392968507,301,iTerm
1392995276,1392995296,20,iTerm
1393002152,1393002195,43,iTerm
1393189653,1393189789,136,iTerm
1393190237,1393191391,1154,iTerm
1393350332,1393351232,900,iTerm
1393360757,1393361775,1018,iTerm
1393362136,1393363411,1275,iTerm
1393364128,1393364220,92,iTerm
1393365819,1393366111,292,iTerm
1393419495,1393421867,2372,iTerm
1393422452,1393423336,884,iTerm
1393424280,1393424356,76,iTerm
1393424836,1393427012,2176,iTerm
1393427747,1393428196,449,iTerm
1393434682,1393434917,235,iTerm
1393442089,1393444051,1962,iTerm
1393517148,1393517640,492,iTerm
1393518136,1393518735,599,iTerm
1393519380,1393520551,1171,iTerm
1393597035,1393597427,392,iTerm
1393597951,1393598295,344,iTerm
1393598851,1393599451,600,iTerm
1393606395,1393608436,2041,iTerm
1393608872,1393610611,1739,iTerm
1393611392,1393611480,88,iTerm
1393612380,1393612771,391,iTerm
1393613280,1393616040,2760,iTerm
1393616747,1393616851,104,iTerm
1393623796,1393624156,360,iTerm
1393625087,1393625432,345,iTerm
1393627906,1393630004,2098,iTerm
1393636467,1393636534,67,iTerm
1393643000,1393643067,67,iTerm
1393649534,1393649568,34,iTerm
1393663576,1393663593,17,iTerm
1393664449,1393665555,1106,iTerm
1393676877,1393677287,410,iTerm
1393683047,1393690576,7529,iTerm
1393691776,1393692061,285,iTerm
1393695961,1393696907,946,iTerm
1393702380,1393703027,647,iTerm
1393704676,1393704796,120,iTerm
1393705395,1393705471,76,iTerm
1393775147,1393775460,313,iTerm
1393856100,1393858847,2747,iTerm
1393859251,1393859700,449,iTerm
1393875988,1393876187,199,iTerm
1393877731,1393877776,45,iTerm
1393925731,1393926691,960,iTerm
1394045431,1394046616,1185,iTerm
1394047171,1394047650,479,iTerm
1394049392,1394049484,92,iTerm
1394052767,1394052916,149,iTerm
1394053456,1394053636,180,iTerm
1394054091,1394056592,2501,iTerm
1394056967,1394057400,433,iTerm
1394059187,1394059291,104,iTerm
1394127871,1394129131,1260,iTerm
1394134698,1394134936,238,iTerm
1394188755,1394188936,181,iTerm
1394210086,1394210341,255,iTerm
1394558640,1394559196,556,iTerm
1394564553,1394564580,27,iTerm
1394630176,1394630207,31,iTerm
1394663386,1394664078,692,iTerm
1394733675,1394734531,856,iTerm
1394810520,1394811092,572,iTerm
1394869336,1394869515,179,iTerm
1394872260,1394873071,811,iTerm
1394883900,1394883947,47,iTerm
1394884395,1394885311,916,iTerm
1394887111,1394887171,60,iTerm
1394888267,1394889720,1453,iTerm
1394890516,1394890531,15,iTerm
1394903760,1394903806,46,iTerm
1394904915,1394905140,225,iTerm
1394906956,1394907827,871,iTerm
1394908560,1394908575,15,iTerm
1394910541,1394911292,751,iTerm
1394912303,1394912304,1,iTerm
1394913511,1394917200,3689,iTerm
1394919091,1394919120,29,iTerm
1394920080,1394921311,1231,iTerm
1394921956,1394924928,2972,iTerm
1394967409,1394967796,387,iTerm
1394975994,1394976060,66,iTerm
1394976855,1394976900,45,iTerm
1394977920,1394978776,856,iTerm
1394979301,1394980832,1531,iTerm
1394981471,1394983320,1849,iTerm
1394984507,1394984551,44,iTerm
1394985000,1394987824,2824,iTerm
1394988998,1394989560,562,iTerm
1395075331,1395075540,209,iTerm
1395079351,1395079395,44,iTerm
1395083791,1395083866,75,iTerm
1395134986,1395135256,270,iTerm
1395251923,1395252274,351,iTerm
1395420556,1395421187,631,iTerm
1395496380,1395496575,195,iTerm
1395497327,1395497341,14,iTerm
1395498031,1395498076,45,iTerm
1395512781,1395513166,385,iTerm
1395583112,1395583231,119,iTerm
1395687256,1395687480,224,iTerm
1396020795,1396021335,540,iTerm
1396029707,1396029796,89,iTerm
1396112627,1396112941,314,iTerm
1396114320,1396114561,241,iTerm
1396121956,1396123495,1539,iTerm
1396125120,1396125856,736,iTerm
1396176120,1396177875,1755,iTerm
1396189952,1396190820,868,iTerm
1396194660,1396195547,887,iTerm
1396196793,1396198996,2203,iTerm
1396202056,1396202476,420,iTerm
1396203976,1396204051,75,iTerm
1396204560,1396205116,556,iTerm
1396212526,1396212840,314,iTerm
1396214192,1396214460,268,iTerm
1396215496,1396215840,344,iTerm
1396254016,1396254047,31,iTerm
1396254467,1396254527,60,iTerm
1396256115,1396256700,585,iTerm
1396284495,1396284511,16,iTerm
1396515887,1396516292,405,iTerm
1396517491,1396518227,736,iTerm
1396558486,1396558500,14,iTerm
1396559551,1396559567,16,iTerm
1396560211,1396561320,1109,iTerm
1396561920,1396563407,1487,iTerm
1396565027,1396565311,284,iTerm
1396595372,1396595749,377,iTerm
1396597980,1396598741,761,iTerm
1396602935,1396603231,296,iTerm
1396604027,1396604371,344,iTerm
1396605616,1396605676,60,iTerm
1396606096,1396606935,839,iTerm
1396617220,1396618140,920,iTerm
1396618711,1396619520,809,iTerm
1396628566,1396629316,750,iTerm
1396630067,1396630140,73,iTerm
1396632391,1396632435,44,iTerm
1396633045,1396633412,367,iTerm
1396634281,1396634611,330,iTerm
1396635046,1396635573,527,iTerm
1396636351,1396636696,345,iTerm
1396639876,1396639907,31,iTerm
1396641047,1396642021,974,iTerm
1396644061,1396644255,194,iTerm
1396688867,1396689512,645,iTerm
1396692766,1396693456,690,iTerm
1396694626,1396695915,1289,iTerm
1396696680,1396697011,331,iTerm
1396785555,1396785886,331,iTerm
1396787392,1396787671,279,iTerm
1396884947,1396885080,133,iTerm
1396888996,1396889115,119,iTerm
1396889491,1396891127,1636,iTerm
1396900667,1396900680,13,iTerm
1396902000,1396902015,15,iTerm
1396976956,1396977435,479,iTerm
1397047278,1397047546,268,iTerm
1397047967,1397048191,224,iTerm
1397123566,1397123671,105,iTerm
1397210116,1397210551,435,iTerm
1397222656,1397222799,143,iTerm
1397236036,1397236051,15,iTerm
1397237940,1397237955,15,iTerm
1397309400,1397309567,167,iTerm
1397326995,1397327655,660,iTerm
1397333235,1397333297,62,iTerm
1397335920,1397336400,480,iTerm
1397338102,1397338260,158,iTerm
1397380247,1397380260,13,iTerm
1397381552,1397381580,28,iTerm
1397402871,1397403154,283,iTerm
1397403587,1397403976,389,iTerm
1397499076,1397499120,44,iTerm
1397499526,1397499540,14,iTerm
1397573851,1397574300,449,iTerm
1397666716,1397667094,378,iTerm
1397771191,1397771220,29,iTerm
1397842891,1397842920,29,iTerm
1397843806,1397844151,345,iTerm
1397845980,1397846012,32,iTerm
1397908696,1397908712,16,iTerm
1397919751,1397919916,165,iTerm
1397946631,1397946991,360,iTerm
1398077760,1398078195,435,iTerm
1398079767,1398079920,153,iTerm
1398081587,1398082380,793,iTerm
1398082907,1398083207,300,iTerm
1398083687,1398087075,3388,iTerm
1398087466,1398089251,1785,iTerm
1398091636,1398091680,44,iTerm
1398092146,1398095912,3766,iTerm
1398096316,1398097200,884,iTerm
1398097891,1398098220,329,iTerm
1398174660,1398175831,1171,iTerm
1398239400,1398239536,136,iTerm
1398250380,1398250772,392,iTerm
1398253351,1398253501,150,iTerm
1398258451,1398260535,2084,iTerm
1398261061,1398261496,435,iTerm
1398263027,1398263640,613,iTerm
1398264675,1398264900,225,iTerm
1398265396,1398265967,571,iTerm
1398266800,1398266835,35,iTerm
1398267615,1398267735,120,iTerm
1398268307,1398268636,329,iTerm
1398269011,1398270856,1845,iTerm
1398271440,1398275703,4263,iTerm
1398338611,1398342106,3495,iTerm
1398356195,1398356236,41,iTerm
1398357960,1398359567,1607,iTerm
1398360452,1398362687,2235,iTerm
1398363360,1398370487,7127,iTerm
1398371071,1398371400,329,iTerm
1398376366,1398376576,210,iTerm
1398381535,1398381861,326,iTerm
1398415680,1398417226,1546,iTerm
1398428296,1398428341,45,iTerm
1398429900,1398430130,230,iTerm
1398431362,1398431987,625,iTerm
1398435532,1398435556,24,iTerm
1398436231,1398436620,389,iTerm
1398437011,1398437927,916,iTerm
1398438347,1398438586,239,iTerm
1398441751,1398441900,149,iTerm
1398442307,1398442607,300,iTerm
1398444900,1398444960,60,iTerm
1398445907,1398445952,45,iTerm
1398446747,1398447376,629,iTerm
1398448020,1398453315,5295,iTerm
1398456091,1398456375,284,iTerm
1398458835,1398459031,196,iTerm
1398459393,1398459676,283,iTerm
1398468227,1398468631,404,iTerm
1398501000,1398501019,19,iTerm
1398502531,1398502832,301,iTerm
1398511331,1398511381,50,iTerm
1398512236,1398513556,1320,iTerm
1398514111,1398514140,29,iTerm
1398516347,1398516360,13,iTerm
1398516887,1398517680,793,iTerm
1398521430,1398521775,345,iTerm
1398539941,1398540060,119,iTerm
1398542207,1398542476,269,iTerm
1398598850,1398599160,310,iTerm
1398599596,1398599700,104,iTerm
1398600136,1398602087,1951,iTerm
1398602672,1398602687,15,iTerm
1398603255,1398603707,452,iTerm
1398604216,1398605386,1170,iTerm
1398606016,1398606420,404,iTerm
1398606827,1398607231,404,iTerm
1398607995,1398608031,36,iTerm
1398610497,1398610787,290,iTerm
1398620416,1398620760,344,iTerm
1398626237,1398626671,434,iTerm
1398631376,1398631560,184,iTerm
1398635207,1398635249,42,iTerm
1398689520,1398689755,235,iTerm
1398691140,1398691200,60,iTerm
1398720827,1398720931,104,iTerm
1398722520,1398722807,287,iTerm
1398723286,1398723376,90,iTerm
1398723767,1398724381,614,iTerm
1398796667,1398797208,541,iTerm
1398799832,1398800416,584,iTerm
1398800820,1398800835,15,iTerm
1398803460,1398804827,1367,iTerm
1398805920,1398806207,287,iTerm
1398807032,1398807332,300,iTerm
1398808399,1398808711,312,iTerm
1398837627,1398837628,1,iTerm
1398859561,1398859861,300,iTerm
1398883564,1398884953,1389,iTerm
1398885627,1398885643,16,iTerm
1398892810,1398892826,16,iTerm
1398931233,1398931248,15,iTerm
1398936092,1398936302,210,iTerm
1398949052,1398949336,284,iTerm
1398949712,1398949810,98,iTerm
1398962192,1398962197,5,iTerm
1398964111,1398964560,449,iTerm
1398965100,1398965491,391,iTerm
1398977899,1398977940,41,iTerm
1399021286,1399021576,290,iTerm
1399039010,1399039730,720,iTerm
1399054042,1399054111,69,iTerm
1399055327,1399055476,149,iTerm
1399056521,1399056783,262,iTerm
1399238355,1399243967,5612,iTerm
1399293571,1399294126,555,iTerm
1399303515,1399303531,16,iTerm
1399304386,1399304596,210,iTerm
1399305707,1399305720,13,iTerm
1399306171,1399306187,16,iTerm
1399398767,1399398975,208,iTerm
1399483156,1399483171,15,iTerm
1399484956,1399485407,451,iTerm
1399486771,1399489171,2400,iTerm
1399489532,1399491150,1618,iTerm
1399500244,1399500244,0,iTerm
1399501111,1399502595,1484,iTerm
1399503256,1399503256,0,iTerm
1399503767,1399503796,29,iTerm
1399569960,1399570020,60,iTerm
1399574552,1399574627,75,iTerm
1399630112,1399630255,143,iTerm
1399636704,1399636784,80,iTerm
1399643239,1399643254,15,iTerm
1399665030,1399665075,45,iTerm
1399667072,1399667327,255,iTerm
1399730740,1399730762,22,iTerm
1399731135,1399731331,196,iTerm
1399731796,1399731976,180,iTerm
1399734271,1399734300,29,iTerm
1399734916,1399734932,16,iTerm
1399735680,1399736880,1200,iTerm
1399746496,1399746780,284,iTerm
1399747231,1399747367,136,iTerm
1399840500,1399841807,1307,iTerm
1399842360,1399842587,227,iTerm
1399883972,1399883972,0,iTerm
1399911391,1399912276,885,iTerm
1399918983,1399919235,252,iTerm
1399919601,1399920060,459,iTerm
1399921801,1399921835,34,iTerm
1400005740,1400005996,256,iTerm
1400006611,1400006640,29,iTerm
1400086607,1400086951,344,iTerm
1400087447,1400088076,629,iTerm
1400185320,1400185456,136,iTerm
1400186536,1400186808,272,iTerm
1400187600,1400190316,2716,iTerm
1400190872,1400195536,4664,iTerm
1400224945,1400226347,1402,iTerm
1400226767,1400226827,60,iTerm
1400227651,1400230171,2520,iTerm
1400230996,1400231087,91,iTerm
1400258731,1400259120,389,iTerm
1400259555,1400259600,45,iTerm
1400327732,1400327890,158,iTerm
1400436647,1400436660,13,iTerm
1400438912,1400438927,15,iTerm
1400439916,1400439931,15,iTerm
1400521171,1400521367,196,iTerm
1400617127,1400617560,433,iTerm
1400686196,1400686202,6,iTerm
1400693235,1400693266,31,iTerm
1400694655,1400694960,305,iTerm
1400791291,1400791307,16,iTerm
1400793107,1400793887,780,iTerm
1400875048,1400875068,20,iTerm
1400878593,1400878936,343,iTerm
1400936847,1400936911,64,iTerm
1400938036,1400938335,299,iTerm
1400938996,1400939656,660,iTerm
1400941711,1400941800,89,iTerm
1400942251,1400942835,584,iTerm
1400943271,1400943407,136,iTerm
1400943992,1400944352,360,iTerm
1400944800,1400945116,316,iTerm
1400945507,1400946720,1213,iTerm
1400947096,1400947481,385,iTerm
1400948404,1400949211,807,iTerm
1400950111,1400951716,1605,iTerm
1400952780,1400955600,2820,iTerm
1400956007,1400957327,1320,iTerm
1400957700,1400957776,76,iTerm
1400967286,1400967571,285,iTerm
1400972671,1400972687,16,iTerm
1401041132,1401041175,43,iTerm
1401041536,1401042167,631,iTerm
1401042556,1401043080,524,iTerm
1401043591,1401044506,915,iTerm
1401044896,1401044927,31,iTerm
1401056492,1401056520,28,iTerm
1401107640,1401108016,376,iTerm
1401109620,1401109860,240,iTerm
1401119327,1401119715,388,iTerm
1401120615,1401120767,152,iTerm
1401123180,1401123227,47,iTerm
1401126091,1401126227,136,iTerm
1401126647,1401127232,585,iTerm
1401128207,1401128236,29,iTerm
1401130575,1401130815,240,iTerm
1401131206,1401131311,105,iTerm
1401132000,1401132091,91,iTerm
1401134506,1401134851,345,iTerm
1401136455,1401136876,421,iTerm
1401138196,1401139051,855,iTerm
1401297495,1401297511,16,iTerm
1401300467,1401300571,104,iTerm
1401388336,1401388396,60,iTerm
1401389836,1401389852,16,iTerm
1401390315,1401390735,420,iTerm
1401441360,1401441467,107,iTerm
1401441856,1401442006,150,iTerm
1401442500,1401443191,691,iTerm
1401444106,1401444240,134,iTerm
1401444931,1401444960,29,iTerm
1401445486,1401445695,209,iTerm
1401446747,1401447420,673,iTerm
1401448771,1401448800,29,iTerm
1401450031,1401450060,29,iTerm
1401450811,1401451951,1140,iTerm
1401452327,1401452400,73,iTerm
1401452880,1401453555,675,iTerm
1401455131,1401456692,1561,iTerm
1401461956,1401462001,45,iTerm
1401462780,1401464612,1832,iTerm
1401465947,1401466487,540,iTerm
1401569747,1401569760,13,iTerm
1401570226,1401570256,30,iTerm
1401571511,1401571511,0,iTerm
1401572191,1401572400,209,iTerm
1401573255,1401573420,165,iTerm
1401626447,1401626581,134,iTerm
1401638311,1401638371,60,iTerm
1401638927,1401638940,13,iTerm
1401639916,1401640260,344,iTerm
1401643007,1401643200,193,iTerm
1401644595,1401644627,32,iTerm
1401737251,1401737311,60,iTerm
1401737687,1401738976,1289,iTerm
1401816031,1401816331,300,iTerm
1401818280,1401818460,180,iTerm
1401819075,1401819151,76,iTerm
1401819915,1401819947,32,iTerm
1401820607,1401820787,180,iTerm
1401821387,1401821400,13,iTerm
1401822046,1401823155,1109,iTerm
1401825558,1401826575,1017,iTerm
1401829366,1401830147,781,iTerm
1401831360,1401831436,76,iTerm
1401833288,1401833304,16,iTerm
1401901396,1401902027,631,iTerm
1401903407,1401904112,705,iTerm
1401904695,1401904967,272,iTerm
1401905447,1401905476,29,iTerm
1401906360,1401906720,360,iTerm
1401907967,1401910075,2108,iTerm
1401910982,1401911627,645,iTerm
1401956554,1401957391,837,iTerm
1401962460,1401963152,692,iTerm
1401997667,1401998071,404,iTerm
1401999408,1401999915,507,iTerm
1402171463,1402172340,877,iTerm
1402177996,1402178100,104,iTerm
1402225486,1402226235,749,iTerm
1402228412,1402229040,628,iTerm
1402230511,1402231066,555,iTerm
1402233316,1402233632,316,iTerm
1402238793,1402243140,4347,iTerm
1402252162,1402253700,1538,iTerm
1402254075,1402254136,61,iTerm
1402255127,1402255412,285,iTerm
1402256687,1402257660,973,iTerm
1402259236,1402259378,142,iTerm
1402347856,1402348171,315,iTerm
1402405860,1402406520,660,iTerm
1402407255,1402407271,16,iTerm
1402422946,1402423320,374,iTerm
1402507112,1402507411,299,iTerm
1402507787,1402507800,13,iTerm
1402610693,1402611315,622,iTerm
1402684591,1402684667,76,iTerm
1402687260,1402687786,526,iTerm
1402689600,1402689631,31,iTerm
1402694671,1402694700,29,iTerm
1402701901,1402701991,90,iTerm
1402778408,1402779287,879,iTerm
1402780995,1402781053,58,iTerm
1402781775,1402782060,285,iTerm
1402783876,1402784596,720,iTerm
1402785660,1402785751,91,iTerm
1402788706,1402788735,29,iTerm
1402789336,1402790371,1035,iTerm
1402854420,1402856971,2551,iTerm
1402857616,1402857916,300,iTerm
1402859040,1402859087,47,iTerm
1402859927,1402860811,884,iTerm
1402861876,1402861967,91,iTerm
1402862491,1402863466,975,iTerm
1402866835,1402867203,368,iTerm
1402870096,1402871656,1560,iTerm
1403022031,1403022076,45,iTerm
1403022555,1403023891,1336,iTerm
1403039027,1403039416,389,iTerm
1403041139,1403041695,556,iTerm
1403045056,1403045265,209,iTerm
1403046257,1403046360,103,iTerm
1403116036,1403119591,3555,iTerm
1403186971,1403187016,45,iTerm
1403217436,1403217632,196,iTerm
1403218921,1403219340,419,iTerm
1403221419,1403221620,201,iTerm
1403281161,1403281246,85,iTerm
1403281786,1403284591,2805,iTerm
1403284967,1403286195,1228,iTerm
1403288511,1403288520,9,iTerm
1403345040,1403345056,16,iTerm
1403345596,1403348431,2835,iTerm
1403349047,1403349255,208,iTerm
1403349916,1403350560,644,iTerm
1403351192,1403352572,1380,iTerm
1403356428,1403356440,12,iTerm
1403360431,1403360446,15,iTerm
1403362036,1403362492,456,iTerm
1403363311,1403363340,29,iTerm
1403363971,1403364271,300,iTerm
1403364780,1403364991,211,iTerm
1403365380,1403366220,840,iTerm
1403366671,1403366687,16,iTerm
1403367227,1403367240,13,iTerm
1403368816,1403368996,180,iTerm
1403369520,1403369551,31,iTerm
1403392980,1403393296,316,iTerm
1403395727,1403396566,839,iTerm
1403398067,1403398080,13,iTerm
1403398576,1403399056,480,iTerm
1403452336,1403452351,15,iTerm
1403453446,1403453808,362,iTerm
1403454331,1403454512,181,iTerm
1403555928,1403555971,43,iTerm
1403557620,1403558387,767,iTerm
1403559271,1403559347,76,iTerm
1403559720,1403560487,767,iTerm
1403640467,1403640616,149,iTerm
1403642760,1403643032,272,iTerm
1403643820,1403644787,967,iTerm
1403705476,1403706121,645,iTerm
1403728800,1403728875,75,iTerm
1403730107,1403730151,44,iTerm
1403885601,1403885656,55,iTerm
1403886092,1403886395,303,iTerm
1403887667,1403887772,105,iTerm
1404075916,1404075960,44,iTerm
1404077056,1404077147,91,iTerm
1404077628,1404078287,659,iTerm
1404141271,1404141495,224,iTerm
1404141946,1404144360,2414,iTerm
1404151243,1404152580,1337,iTerm
1404153015,1404155775,2760,iTerm
1404156330,1404159047,2717,iTerm
1404161792,1404161836,44,iTerm
1404168240,1404169050,810,iTerm
1404169620,1404169635,15,iTerm
1404230446,1404230760,314,iTerm
1404231255,1404232651,1396,iTerm
1404233100,1404234840,1740,iTerm
1404239115,1404240195,1080,iTerm
1404240960,1404241847,887,iTerm
1404247710,1404247951,241,iTerm
1404254460,1404254700,240,iTerm
1404256049,1404257446,1397,iTerm
1404286666,1404287955,1289,iTerm
1404296086,1404297046,960,iTerm
1404311191,1404313846,2655,iTerm
1404315347,1404317446,2099,iTerm
1404338094,1404338116,22,iTerm
1404372217,1404372233,16,iTerm
1404373500,1404374356,856,iTerm
1404421726,1404421951,225,iTerm
1404423412,1404423871,459,iTerm
1404425225,1404425355,130,iTerm
1404506867,1404507076,209,iTerm
1404508317,1404508786,469,iTerm
1404510675,1404510916,241,iTerm
1404512040,1404512551,511,iTerm
1404513030,1404517336,4306,iTerm
1404564214,1404564255,41,iTerm
1404564813,1404566100,1287,iTerm
1404566687,1404567346,659,iTerm
1404735811,1404736020,209,iTerm
1404739471,1404739516,45,iTerm
1404742427,1404742471,44,iTerm
1404745756,1404745831,75,iTerm
1404747615,1404747720,105,iTerm
1404754980,1404755431,451,iTerm
1404756047,1404756060,13,iTerm
1404843407,1404843991,584,iTerm
1404931591,1404933060,1469,iTerm
1404938120,1404938197,77,iTerm
1404938570,1404938806,236,iTerm
1404939480,1404939555,75,iTerm
1404940920,1404941475,555,iTerm
1404941837,1404941853,16,iTerm
1404942317,1404943489,1172,iTerm
1404945391,1404945435,44,iTerm
1404988575,1404989267,692,iTerm
1404989640,1404990060,420,iTerm
1404990511,1404990616,105,iTerm
1404991936,1404992520,584,iTerm
1404993195,1404993841,646,iTerm
1404995191,1404997651,2460,iTerm
1404998476,1405001056,2580,iTerm
1405081920,1405081936,16,iTerm
1405084320,1405085220,900,iTerm
1405105020,1405105215,195,iTerm
1405105893,1405105937,44,iTerm
1405108430,1405108671,241,iTerm
1405111591,1405111620,29,iTerm
1405113331,1405113660,329,iTerm
1405114036,1405114155,119,iTerm
1405114951,1405114995,44,iTerm
1405171591,1405172131,540,iTerm
1405173240,1405173435,195,iTerm
1405173931,1405174216,285,iTerm
1405174666,1405175296,630,iTerm
1405175700,1405175851,151,iTerm
1405193580,1405193611,31,iTerm
1405209091,1405209106,15,iTerm
1405247280,1405248346,1066,iTerm
1405288062,1405288080,18,iTerm
1405291786,1405291800,14,iTerm
1405292776,1405292791,15,iTerm
1405360726,1405361026,300,iTerm
1405361940,1405362091,151,iTerm
1405362931,1405363951,1020,iTerm
1405364340,1405364566,226,iTerm
1405368511,1405368676,165,iTerm
1405369095,1405369967,872,iTerm
1405379431,1405380646,1215,iTerm
1405381891,1405382026,135,iTerm
1405446720,1405446810,90,iTerm
1405447875,1405448746,871,iTerm
1405449195,1405449691,496,iTerm
1405454040,1405454520,480,iTerm
1405456891,1405457131,240,iTerm
1405464171,1405464360,189,iTerm
1405464900,1405465620,720,iTerm
1405545736,1405546560,824,iTerm
1405546980,1405548676,1696,iTerm
1405549335,1405549591,256,iTerm
1405609471,1405609786,315,iTerm
1405610326,1405610371,45,iTerm
1405611000,1405612620,1620,iTerm
1405612995,1405613836,841,iTerm
1405761767,1405761992,225,iTerm
1405762367,1405763207,840,iTerm
1405763820,1405764016,196,iTerm
1405765771,1405765815,44,iTerm
1405766460,1405767556,1096,iTerm
1405768980,1405769160,180,iTerm
1405770000,1405770331,331,iTerm
1405771500,1405771547,47,iTerm
1405772176,1405772940,764,iTerm
1405774740,1405775115,375,iTerm
1405811431,1405811611,180,iTerm
1405812066,1405812114,48,iTerm
1405813440,1405813667,227,iTerm
1405846396,1405846681,285,iTerm
1405847207,1405847236,29,iTerm
1405862881,1405863180,299,iTerm
1405864074,1405866436,2362,iTerm
1405871596,1405871806,210,iTerm
1405872346,1405872360,14,iTerm
1405874536,1405874551,15,iTerm
1405874926,1405875136,210,iTerm
1405928731,1405929106,375,iTerm
1405929840,1405929931,91,iTerm
1405930966,1405931491,525,iTerm
1405932120,1405932136,16,iTerm
1405938300,1405939020,720,iTerm
1405949350,1405949640,290,iTerm
1406049937,1406050095,158,iTerm
1406284575,1406285640,1065,iTerm
1406374951,1406376480,1529,iTerm
1406377395,1406381371,3976,iTerm
1406381791,1406383907,2116,iTerm
1406384365,1406385540,1175,iTerm
1406471649,1406472240,591,iTerm
1406472811,1406473035,224,iTerm
1406473411,1406474327,916,iTerm
1406478751,1406478870,119,iTerm
1406480131,1406480866,735,iTerm
1406481284,1406482653,1369,iTerm
1406897967,1406898540,573,iTerm
1406903010,1406903820,810,iTerm
1406907720,1406908430,710,iTerm
1406924866,1406925976,1110,iTerm
1406927146,1406927160,14,iTerm
1406932050,1406932576,526,iTerm
1407067846,1407067935,89,iTerm
1407068536,1407068566,30,iTerm
1407069587,1407069946,359,iTerm
1407070350,1407070635,285,iTerm
1407071266,1407072750,1484,iTerm
1407073247,1407073920,673,iTerm
1407074416,1407075167,751,iTerm
1407075571,1407075630,59,iTerm
1407076786,1407076876,90,iTerm
1407077296,1407077836,540,iTerm
1407078707,1407081390,2683,iTerm
1407081840,1407083851,2011,iTerm
1407098220,1407098507,287,iTerm
1407102286,1407102931,645,iTerm
1407103374,1407103515,141,iTerm
1407104086,1407105840,1754,iTerm
1407150855,1407150900,45,iTerm
1407158760,1407159047,287,iTerm
1407159555,1407159826,271,iTerm
1407160579,1407163051,2472,iTerm
1407171780,1407172593,813,iTerm
1407173475,1407173776,301,iTerm
1407174151,1407174735,584,iTerm
1407175171,1407175531,360,iTerm
1407177091,1407177106,15,iTerm
1407179446,1407179760,314,iTerm
1407189286,1407189300,14,iTerm
1407274651,1407274831,180,iTerm
1407277651,1407277786,135,iTerm
1407278558,1407279616,1058,iTerm
1407313257,1407313276,19,iTerm
1407317056,1407318106,1050,iTerm
1407318750,1407319186,436,iTerm
1407319740,1407323206,3466,iTerm
1407323700,1407323715,15,iTerm
1407324211,1407324271,60,iTerm
1407325231,1407329640,4409,iTerm
1407330811,1407331380,569,iTerm
1407332700,1407334906,2206,iTerm
1407335415,1407336151,736,iTerm
1407336646,1407337531,885,iTerm
1407346069,1407346155,86,iTerm
1407354046,1407354241,195,iTerm
1407364650,1407364891,241,iTerm
1407365882,1407366316,434,iTerm
1407367892,1407368356,464,iTerm
1407369539,1407369600,61,iTerm
1407369600,1407370021,421,iTerm
1407370596,1407370935,339,iTerm
1407371387,1407371475,88,iTerm
1407404851,1407407011,2160,iTerm
1407407595,1407407806,211,iTerm
1407408180,1407409995,1815,iTerm
1407411801,1407411960,159,iTerm
1407412494,1407412525,31,iTerm
1407422686,1407427320,4634,iTerm
1407453000,1407453031,31,iTerm
1407517680,1407517920,240,iTerm
1408197721,1408197827,106,iTerm
1408208460,1408208896,436,iTerm
1408303942,1408304100,158,iTerm
1408315380,1408315755,375,iTerm
1408383240,1408386047,2807,iTerm
1408386887,1408387816,929,iTerm
1408403447,1408404060,613,iTerm
1408448199,1408448430,231,iTerm
1408449346,1408449900,554,iTerm
1408450367,1408450576,209,iTerm
1408451295,1408451400,105,iTerm
1408452060,1408452151,91,iTerm
1408453021,1408453380,359,iTerm
1408459215,1408461392,2177,iTerm
1408462408,1408465550,3142,iTerm
1408478236,1408478251,15,iTerm
1408479032,1408479315,283,iTerm
1408481447,1408481567,120,iTerm
1408482159,1408482391,232,iTerm
1408485026,1408485271,245,iTerm
1408570426,1408570876,450,iTerm
1408571422,1408571851,429,iTerm
1408573343,1408573816,473,iTerm
1408574615,1408575031,416,iTerm
1408575767,1408576200,433,iTerm
1408642216,1408643355,1139,iTerm
1408643974,1408647346,3372,iTerm
1408653495,1408653840,345,iTerm
1408655004,1408655476,472,iTerm
1408657094,1408657336,242,iTerm
1408658596,1408659093,497,iTerm
1408660867,1408661313,446,iTerm
1408662436,1408662831,395,iTerm
1408695500,1408695766,266,iTerm
1408696261,1408696607,346,iTerm
1408701001,1408701210,209,iTerm
1408717081,1408718191,1110,iTerm
1408786320,1408787100,780,iTerm
1410197296,1410199290,1994,iTerm
1411061690,1411062170,480,iTerm
1411388794,1411389855,1061,iTerm
1411493240,1411493551,311,iTerm
1411516887,1411516920,33,iTerm
1411586791,1411586836,45,iTerm
1411626720,1411626780,60,iTerm
1411668937,1411668960,23,iTerm
1411669330,1411669427,97,iTerm
1411775147,1411775160,13,iTerm
1411830976,1411831427,451,iTerm
1412461667,1412463406,1739,iTerm
1412501311,1412501416,105,iTerm
1412526315,1412527231,916,iTerm
1412549373,1412549433,60,iTerm
1412619000,1412619300,300,iTerm
1412619974,1412620500,526,iTerm
1412629053,1412629695,642,iTerm
1412631502,1412631660,158,iTerm
1412890111,1412890531,420,iTerm
1413476447,1413476460,13,iTerm
1413582315,1413582600,285,iTerm
1413625980,1413626280,300,iTerm
1414601535,1414601550,15,iTerm
1415130840,1415130855,15,iTerm
1417801920,1417801936,16,iTerm
1417862355,1417862431,76,iTerm
1417903995,1417904056,61,iTerm
1417904687,1417904701,14,iTerm
1417905091,1417905150,59,iTerm
1417907851,1417908151,300,iTerm
1417960667,1417960711,44,iTerm
1418058180,1418058916,736,iTerm
1418059306,1418059995,689,iTerm
1418061196,1418061435,239,iTerm
1418070174,1418070660,486,iTerm
1418071560,1418071606,46,iTerm
1418072911,1418073751,840,iTerm
1418074500,1418078611,4111,iTerm
1418079496,1418079587,91,iTerm
1418080067,1418080500,433,iTerm
1418148856,1418149080,224,iTerm
1418157616,1418157691,75,iTerm
1418233980,1418234536,556,iTerm
1418498040,1418498191,151,iTerm
1418546536,1418546596,60,iTerm
1418547213,1418547229,16,iTerm
1418548575,1418548831,256,iTerm
1418549280,1418549836,556,iTerm
1418550240,1418550736,496,iTerm
1418558580,1418558731,151,iTerm
1418564520,1418564627,107,iTerm
1418567655,1418568676,1021,iTerm
1418569396,1418569849,453,iTerm
1418570747,1418570806,59,iTerm
1418571855,1418572576,721,iTerm
1418572951,1418574120,1169,iTerm
1418574615,1418574708,93,iTerm
1418576672,1418576700,28,iTerm
1418590516,1418590606,90,iTerm
1418591520,1418592076,556,iTerm
1418595391,1418596800,1409,iTerm
1418649226,1418649840,614,iTerm
1418650306,1418651071,765,iTerm
1418651536,1418651731,195,iTerm
1418652467,1418652496,29,iTerm
1418653756,1418653816,60,iTerm
1418655016,1418655346,330,iTerm
1418667915,1418668260,345,iTerm
1419009151,1419009211,60,iTerm
1419013500,1419015826,2326,iTerm
1419065791,1419065866,75,iTerm
1419066871,1419068895,2024,iTerm
1419078092,1419078331,239,iTerm
1419079275,1419081287,2012,iTerm
1419083940,1419084135,195,iTerm
1419085367,1419086055,688,iTerm
1419086460,1419086506,46,iTerm
1419153600,1419153706,106,iTerm
1419190471,1419190486,15,iTerm
1419774436,1419774451,15,iTerm
1419774886,1419774931,45,iTerm
1419776176,1419776280,104,iTerm
1419778472,1419778620,148,iTerm
1419797131,1419797251,120,iTerm
1420018584,1420019820,1236,iTerm
1420020625,1420020735,110,iTerm
1420021260,1420021306,46,iTerm
1420023316,1420023331,15,iTerm
1420027395,1420027575,180,iTerm
1420031933,1420032091,158,iTerm
1420032555,1420034792,2237,iTerm
1420035331,1420035706,375,iTerm
1420036307,1420036366,59,iTerm
1420037430,1420037446,16,iTerm
1420038316,1420038691,375,iTerm
1388536620,1388540012,3392,All Programs
1388570820,1388570987,167,All Programs
1388572980,1388581636,8656,All Programs
1388588123,1388588175,52,All Programs
1388589975,1388590080,105,All Programs
1388597458,1388599380,1922,All Programs
1388599977,1388601196,1219,All Programs
1388601918,1388605500,3582,All Programs
1388606941,1388607556,615,All Programs
1388614666,1388615087,421,All Programs
1388619480,1388619720,240,All Programs
1388656476,1388657820,1344,All Programs
1388658197,1388661512,3315,All Programs
1388662935,1388664527,1592,All Programs
1388665680,1388667331,1651,All Programs
1388668680,1388670638,1958,All Programs
1388674995,1388675115,120,All Programs
1388676682,1388693236,16554,All Programs
1388696109,1388696387,278,All Programs
1388696759,1388697016,257,All Programs
1388698150,1388698336,186,All Programs
1388700576,1388700660,84,All Programs
1388704040,1388704667,627,All Programs
1388741280,1388742480,1200,All Programs
1388744061,1388744131,70,All Programs
1388753609,1388755542,1933,All Programs
1388767959,1388768492,533,All Programs
1388770199,1388770260,61,All Programs
1388774347,1388774580,233,All Programs
1388779019,1388779576,557,All Programs
1388786056,1388786251,195,All Programs
1388827226,1388828595,1369,All Programs
1388833708,1388835347,1639,All Programs
1388836260,1388836336,76,All Programs
1388840755,1388842471,1716,All Programs
1388844760,1388848140,3380,All Programs
1388848649,1388849071,422,All Programs
1388883984,1388884832,848,All Programs
1388916619,1388918475,1856,All Programs
1388922800,1388923636,836,All Programs
1388927222,1388929320,2098,All Programs
1388929816,1388930567,751,All Programs
1388932577,1388932627,50,All Programs
1388944987,1388945056,69,All Programs
1388945893,1388946720,827,All Programs
1388951019,1388952214,1195,All Programs
1388957278,1388957460,182,All Programs
1388998905,1388999056,151,All Programs
1389003253,1389006587,3334,All Programs
1389012171,1389018256,6085,All Programs
1389021658,1389021692,34,All Programs
1389029945,1389029962,17,All Programs
1389030353,1389030537,184,All Programs
1389031846,1389037772,5926,All Programs
1389039488,1389039537,49,All Programs
1389042563,1389043127,564,All Programs
1389043650,1389048215,4565,All Programs
1389048718,1389048887,169,All Programs
1389049449,1389049483,34,All Programs
1389088722,1389090676,1954,All Programs
1389093813,1389093861,48,All Programs
1389097032,1389097531,499,All Programs
1389101492,1389101619,127,All Programs
1389130011,1389131954,1943,All Programs
1389160311,1389160816,505,All Programs
1389200701,1389201287,586,All Programs
1389205283,1389211500,6217,All Programs
1389217175,1389217427,252,All Programs
1389219427,1389219632,205,All Programs
1389220029,1389220156,127,All Programs
1389247233,1389247336,103,All Programs
1389248334,1389248387,53,All Programs
1389252973,1389256543,3570,All Programs
1389288067,1389294786,6719,All Programs
1389296791,1389297151,360,All Programs
1389299689,1389299940,251,All Programs
1389302946,1389303300,354,All Programs
1389304225,1389304575,350,All Programs
1389342088,1389342196,108,All Programs
1389343281,1389343367,86,All Programs
1389346860,1389347207,347,All Programs
1389360855,1389362951,2096,All Programs
1389364094,1389364111,17,All Programs
1389374891,1389375107,216,All Programs
1389376008,1389380491,4483,All Programs
1389380896,1389381611,715,All Programs
1389381973,1389382399,426,All Programs
1389383221,1389384227,1006,All Programs
1389384843,1389386117,1274,All Programs
1389387998,1389394305,6307,All Programs
1389430661,1389432300,1639,All Programs
1389436353,1389436560,207,All Programs
1389444293,1389444376,83,All Programs
1389449283,1389455327,6044,All Programs
1389460957,1389461056,99,All Programs
1389467537,1389467630,93,All Programs
1389469156,1389469172,16,All Programs
1389469595,1389470237,642,All Programs
1389473933,1389474111,178,All Programs
1389475942,1389476329,387,All Programs
1389480586,1389481353,767,All Programs
1389520522,1389523695,3173,All Programs
1389529996,1389542617,12621,All Programs
1389549066,1389549145,79,All Programs
1389550833,1389551716,883,All Programs
1389552976,1389557844,4868,All Programs
1389560018,1389560472,454,All Programs
1389562124,1389562964,840,All Programs
1389563634,1389563896,262,All Programs
1389567960,1389568121,161,All Programs
1389593329,1389593446,117,All Programs
1389594553,1389594600,47,All Programs
1389615192,1389617416,2224,All Programs
1389629197,1389632042,2845,All Programs
1389632594,1389636925,4331,All Programs
1389643060,1389643396,336,All Programs
1389644364,1389648251,3887,All Programs
1389648712,1389649036,324,All Programs
1389649462,1389650538,1076,All Programs
1389679716,1389679848,132,All Programs
1389682071,1389682459,388,All Programs
1389688914,1389688988,74,All Programs
1389695450,1389695524,74,All Programs
1389701981,1389702016,35,All Programs
1389720671,1389722617,1946,All Programs
1389723442,1389727697,4255,All Programs
1389728568,1389729097,529,All Programs
1389730097,1389730451,354,All Programs
1389730869,1389731028,159,All Programs
1389737019,1389737301,282,All Programs
1389766136,1389766228,92,All Programs
1389770422,1389770592,170,All Programs
1389805400,1389810758,5358,All Programs
1389817212,1389817286,74,All Programs
1389821868,1389823772,1904,All Programs
1389827616,1389827777,161,All Programs
1389856129,1389856266,137,All Programs
1389857370,1389857469,99,All Programs
1389891738,1389903430,11692,All Programs
1389906487,1389906829,342,All Programs
1389908350,1389908794,444,All Programs
1389909892,1389910242,350,All Programs
1389942528,1389942628,100,All Programs
1389943780,1389943874,94,All Programs
1389946133,1389952401,6268,All Programs
1389964934,1389965385,451,All Programs
1389967937,1389967996,59,All Programs
1389974204,1389977596,3392,All Programs
1389978136,1389980197,2061,All Programs
1389981424,1389984227,2803,All Programs
1389985667,1389985982,315,All Programs
1390165455,1390166899,1444,All Programs
1390198122,1390198249,127,All Programs
1390202419,1390202780,361,All Programs
1390208499,1390214580,6081,All Programs
1390227271,1390228907,1636,All Programs
1390231620,1390239331,7711,All Programs
1390239695,1390241880,2185,All Programs
1390246340,1390246591,251,All Programs
1390247491,1390247520,29,All Programs
1390248958,1390255860,6902,All Programs
1390258370,1390258547,177,All Programs
1390322484,1390322535,51,All Programs
1390324329,1390325716,1387,All Programs
1390328439,1390331192,2753,All Programs
1390333825,1390334055,230,All Programs
1390334606,1390338240,3634,All Programs
1390341958,1390341990,32,All Programs
1390371960,1390372231,271,All Programs
1390408920,1390413796,4876,All Programs
1390414438,1390423172,8734,All Programs
1390426290,1390429036,2746,All Programs
1390430520,1390430987,467,All Programs
1390432620,1390432651,31,All Programs
1390460191,1390460280,89,All Programs
1390461337,1390461512,175,All Programs
1390497192,1390504740,7548,All Programs
1390508431,1390511880,3449,All Programs
1390512953,1390515315,2362,All Programs
1390517504,1390517940,436,All Programs
1390544186,1390544221,35,All Programs
1390545035,1390545120,85,All Programs
1390549935,1390550251,316,All Programs
1390557559,1390558020,461,All Programs
1390579268,1390592132,12864,All Programs
1390594200,1390594246,46,All Programs
1390597380,1390597876,496,All Programs
1390642057,1390646911,4854,All Programs
1390649279,1390650735,1456,All Programs
1390654502,1390663635,9133,All Programs
1390664493,1390670416,5923,All Programs
1390670976,1390671091,115,All Programs
1390683284,1390684980,1696,All Programs
1390686005,1390691896,5891,All Programs
1390693908,1390693980,72,All Programs
1390694534,1390694867,333,All Programs
1390726020,1390726187,167,All Programs
1390731306,1390739266,7960,All Programs
1390740625,1390740721,96,All Programs
1390745174,1390745252,78,All Programs
1390751734,1390751776,42,All Programs
1390753030,1390753155,125,All Programs
1390754234,1390757088,2854,All Programs
1390759440,1390760536,1096,All Programs
1390766039,1390766280,241,All Programs
1390766762,1390767767,1005,All Programs
1390772160,1390772791,631,All Programs
1390776466,1390776960,494,All Programs
1390778188,1390778267,79,All Programs
1390824541,1390826460,1919,All Programs
1390832936,1390832970,34,All Programs
1390839480,1390840051,571,All Programs
1390840799,1390851228,10429,All Programs
1390853611,1390855800,2189,All Programs
1390857691,1390858516,825,All Programs
1390889745,1390889987,242,All Programs
1390896464,1390896512,48,All Programs
1390902999,1390903052,53,All Programs
1390909536,1390909555,19,All Programs
1390929957,1390935255,5298,All Programs
1390940955,1390943628,2673,All Programs
1390946542,1390946701,159,All Programs
1390976649,1390976750,101,All Programs
1390997340,1390998420,1080,All Programs
1391000724,1391000807,83,All Programs
1391025360,1391025480,120,All Programs
1391065740,1391066476,736,All Programs
1391072156,1391072520,364,All Programs
1391073174,1391075808,2634,All Programs
1391082285,1391082335,50,All Programs
1391088817,1391088867,50,All Programs
1391095351,1391095400,49,All Programs
1391097018,1391109947,12929,All Programs
1391111885,1391112488,603,All Programs
1391114994,1391115571,577,All Programs
1391117159,1391117656,497,All Programs
1391118720,1391119182,462,All Programs
1391120065,1391120799,734,All Programs
1391152598,1391152787,189,All Programs
1391153896,1391154014,118,All Programs
1391161838,1391162193,355,All Programs
1391174453,1391176193,1740,All Programs
1391180881,1391185324,4443,All Programs
1391185857,1391189198,3341,All Programs
1391193208,1391193432,224,All Programs
1391193970,1391195296,1326,All Programs
1391195715,1391196129,414,All Programs
1391198206,1391198531,325,All Programs
1391201088,1391201747,659,All Programs
1391205435,1391205520,85,All Programs
1391207698,1391207714,16,All Programs
1391232480,1391232632,152,All Programs
1391241544,1391246866,5322,All Programs
1391250606,1391251124,518,All Programs
1391262926,1391263314,388,All Programs
1391263958,1391264191,233,All Programs
1391267116,1391267406,290,All Programs
1391270561,1391271978,1417,All Programs
1391272356,1391274678,2322,All Programs
1391278305,1391278674,369,All Programs
1391279111,1391279448,337,All Programs
1391279857,1391279977,120,All Programs
1391280765,1391280863,98,All Programs
1391293711,1391294156,445,All Programs
1391328167,1391328264,97,All Programs
1391332261,1391340211,7950,All Programs
1391340821,1391345672,4851,All Programs
1391347136,1391352151,5015,All Programs
1391355581,1391356067,486,All Programs
1391357875,1391358376,501,All Programs
1391377665,1391377771,106,All Programs
1391378333,1391381987,3654,All Programs
1391409300,1391409376,76,All Programs
1391412065,1391412120,55,All Programs
1391432270,1391433772,1502,All Programs
1391440233,1391440260,27,All Programs
1391441995,1391454227,12232,All Programs
1391459268,1391463060,3792,All Programs
1391469537,1391469571,34,All Programs
1391476073,1391476127,54,All Programs
1391482605,1391482680,75,All Programs
1391511968,1391519928,7960,All Programs
1391521078,1391530291,9213,All Programs
1391532650,1391533920,1270,All Programs
1391537294,1391540760,3466,All Programs
1391543495,1391543580,85,All Programs
1391547785,1391548171,386,All Programs
1391581008,1391581060,52,All Programs
1391601762,1391602620,858,All Programs
1391604800,1391606280,1480,All Programs
1391619647,1391625376,5729,All Programs
1391626351,1391627927,1576,All Programs
1391629679,1391630491,812,All Programs
1391630992,1391631167,175,All Programs
1391631828,1391631893,65,All Programs
1391638380,1391638831,451,All Programs
1391670516,1391670753,237,All Programs
1391671831,1391671892,61,All Programs
1391677740,1391680115,2375,All Programs
1391700754,1391700965,211,All Programs
1391707264,1391708140,876,All Programs
1391711144,1391711747,603,All Programs
1391715613,1391715744,131,All Programs
1391716605,1391716711,106,All Programs
1391718052,1391726715,8663,All Programs
1391727739,1391727810,71,All Programs
1391734280,1391734295,15,All Programs
1391740796,1391740875,79,All Programs
1391747348,1391747379,31,All Programs
1391753864,1391753881,17,All Programs
1391757395,1391757668,273,All Programs
1391758513,1391758607,94,All Programs
1391764765,1391767260,2495,All Programs
1391771935,1391772527,592,All Programs
1391783455,1391784816,1361,All Programs
1391812983,1391814527,1544,All Programs
1391852030,1391852207,177,All Programs
1391858161,1391858626,465,All Programs
1391860497,1391860614,117,All Programs
1391861209,1391861311,102,All Programs
1391861706,1391861927,221,All Programs
1391867085,1391867656,571,All Programs
1391869434,1391875140,5706,All Programs
1391882638,1391882986,348,All Programs
1391889462,1391889752,290,All Programs
1391892481,1391893247,766,All Programs
1391894395,1391894747,352,All Programs
1391895766,1391896233,467,All Programs
1391904427,1391904525,98,All Programs
1391938689,1391939207,518,All Programs
1391945702,1391946158,456,All Programs
1391949801,1391951536,1735,All Programs
1391952036,1391956812,4776,All Programs
1391974036,1391974255,219,All Programs
1391980711,1391980740,29,All Programs
1391981253,1391981476,223,All Programs
1391982691,1391983127,436,All Programs
1391989602,1391989688,86,All Programs
1392022114,1392022427,313,All Programs
1392029201,1392033053,3852,All Programs
1392034200,1392034336,136,All Programs
1392034827,1392039557,4730,All Programs
1392040492,1392047880,7388,All Programs
1392051584,1392058607,7023,All Programs
1392063302,1392067685,4383,All Programs
1392069443,1392072475,3032,All Programs
1392103008,1392103797,789,All Programs
1392104717,1392104796,79,All Programs
1392108257,1392110718,2461,All Programs
1392112257,1392113394,1137,All Programs
1392119853,1392119922,69,All Programs
1392136952,1392139036,2084,All Programs
1392139775,1392146644,6869,All Programs
1392151445,1392153167,1722,All Programs
1392155222,1392155661,439,All Programs
1392156289,1392156707,418,All Programs
1392158524,1392159121,597,All Programs
1392159800,1392160084,284,All Programs
1392186232,1392187126,894,All Programs
1392189693,1392190070,377,All Programs
1392206570,1392207550,980,All Programs
1392209070,1392210827,1757,All Programs
1392223824,1392227749,3925,All Programs
1392228611,1392228973,362,All Programs
1392229802,1392233015,3213,All Programs
1392234933,1392235432,499,All Programs
1392236940,1392237391,451,All Programs
1392238019,1392244199,6180,All Programs
1392275804,1392276043,239,All Programs
1392280441,1392280880,439,All Programs
1392287319,1392287409,90,All Programs
1392293853,1392293943,90,All Programs
1392300404,1392300436,32,All Programs
1392311286,1392317396,6110,All Programs
1392321992,1392322240,248,All Programs
1392325901,1392326529,628,All Programs
1392359825,1392360375,550,All Programs
1392361242,1392361325,83,All Programs
1392384929,1392387240,2311,All Programs
1392387637,1392390919,3282,All Programs
1392394320,1392394892,572,All Programs
1392401373,1392401462,89,All Programs
1392402292,1392402638,346,All Programs
1392412501,1392414062,1561,All Programs
1392415422,1392416845,1423,All Programs
1392418048,1392418300,252,All Programs
1392419237,1392419550,313,All Programs
1392450901,1392452007,1106,All Programs
1392456549,1392456901,352,All Programs
1392457540,1392458416,876,All Programs
1392461490,1392465842,4352,All Programs
1392468280,1392469151,871,All Programs
1392471558,1392471913,355,All Programs
1392475620,1392475843,223,All Programs
1392480544,1392486479,5935,All Programs
1392491812,1392492160,348,All Programs
1392494230,1392494890,660,All Programs
1392496601,1392500056,3455,All Programs
1392500930,1392501169,239,All Programs
1392502166,1392502897,731,All Programs
1392509355,1392509425,70,All Programs
1392515880,1392515960,80,All Programs
1392522405,1392522453,48,All Programs
1392545563,1392547057,1494,All Programs
1392555036,1392560431,5395,All Programs
1392561375,1392565440,4065,All Programs
1392573532,1392575075,1543,All Programs
1392577953,1392579429,1476,All Programs
1392580826,1392582862,2036,All Programs
1392584278,1392588091,3813,All Programs
1392588837,1392589967,1130,All Programs
1392618181,1392619292,1111,All Programs
1392622879,1392622936,57,All Programs
1392629418,1392629460,42,All Programs
1392635952,1392635986,34,All Programs
1392660840,1392661721,881,All Programs
1392665847,1392666060,213,All Programs
1392668115,1392671656,3541,All Programs
1392673179,1392674100,921,All Programs
1392704181,1392704580,399,All Programs
1392707529,1392707896,367,All Programs
1392714375,1392714420,45,All Programs
1392720909,1392720960,51,All Programs
1392727443,1392727477,34,All Programs
1392742039,1392742548,509,All Programs
1392743697,1392753631,9934,All Programs
1392756243,1392758131,1888,All Programs
1392759270,1392761715,2445,All Programs
1392768195,1392768241,46,All Programs
1392774730,1392774780,50,All Programs
1392781264,1392781283,19,All Programs
1392790620,1392790980,360,All Programs
1392829502,1392838455,8953,All Programs
1392839152,1392839196,44,All Programs
1392840417,1392840960,543,All Programs
1392842503,1392843001,498,All Programs
1392844339,1392845100,761,All Programs
1392846097,1392846624,527,All Programs
1392853093,1392853108,15,All Programs
1392859611,1392859658,47,All Programs
1392866145,1392866195,50,All Programs
1392877479,1392878536,1057,All Programs
1392884105,1392886020,1915,All Programs
1392910174,1392910591,417,All Programs
1392914923,1392917252,2329,All Programs
1392920768,1392923656,2888,All Programs
1392931541,1392931936,395,All Programs
1392938415,1392938460,45,All Programs
1392944949,1392945000,51,All Programs
1392951484,1392951518,34,All Programs
1392963420,1392963600,180,All Programs
1392968068,1392968760,692,All Programs
1392976134,1392976307,173,All Programs
1392991920,1392992267,347,All Programs
1392994021,1392994260,239,All Programs
1392995243,1392995327,84,All Programs
1392997560,1392998071,511,All Programs
1392998948,1392999932,984,All Programs
1393000476,1393002556,2080,All Programs
1393003176,1393003771,595,All Programs
1393189574,1393191407,1833,All Programs
1393197891,1393197939,48,All Programs
1393204425,1393204472,47,All Programs
1393210956,1393211011,55,All Programs
1393222625,1393222719,94,All Programs
1393229173,1393229189,16,All Programs
1393235690,1393235739,49,All Programs
1393242229,1393242278,49,All Programs
1393268880,1393270156,1276,All Programs
1393280997,1393281331,334,All Programs
1393309486,1393309547,61,All Programs
1393310630,1393310716,86,All Programs
1393347524,1393347615,91,All Programs
1393349460,1393351275,1815,All Programs
1393354407,1393354907,500,All Programs
1393358110,1393358567,457,All Programs
1393360501,1393363500,2999,All Programs
1393364110,1393364520,410,All Programs
1393365802,1393366260,458,All Programs
1393367894,1393368060,166,All Programs
1393395866,1393395976,110,All Programs
1393397043,1393397116,73,All Programs
1393416136,1393417953,1817,All Programs
1393419250,1393428196,8946,All Programs
1393434682,1393444393,9711,All Programs
1393447806,1393448201,395,All Programs
1393451403,1393451536,133,All Programs
1393481296,1393482246,950,All Programs
1393483069,1393483206,137,All Programs
1393489646,1393489736,90,All Programs
1393496195,1393496270,75,All Programs
1393502731,1393502747,16,All Programs
1393511138,1393511715,577,All Programs
1393514334,1393520852,6518,All Programs
1393526892,1393527059,167,All Programs
1393528308,1393528666,358,All Programs
1393537805,1393538267,462,All Programs
1393570817,1393571116,299,All Programs
1393581614,1393581755,141,All Programs
1393593463,1393594438,975,All Programs
1393595758,1393600127,4369,All Programs
1393604087,1393605616,1529,All Programs
1393606096,1393617035,10939,All Programs
1393618131,1393621818,3687,All Programs
1393623164,1393630004,6840,All Programs
1393636467,1393636534,67,All Programs
1393643000,1393643067,67,All Programs
1393649534,1393649568,34,All Programs
1393663276,1393665643,2367,All Programs
1393675495,1393676071,576,All Programs
1393676829,1393680287,3458,All Programs
1393681936,1393690918,8982,All Programs
1393691760,1393692356,596,All Programs
1393693455,1393693934,479,All Programs
1393695116,1393697216,2100,All Programs
1393700987,1393703972,2985,All Programs
1393704660,1393705995,1335,All Programs
1393710120,1393710825,705,All Programs
1393715274,1393715601,327,All Programs
1393751079,1393752238,1159,All Programs
1393756545,1393759342,2797,All Programs
1393761827,1393762547,720,All Programs
1393774183,1393775557,1374,All Programs
1393781535,1393781811,276,All Programs
1393783320,1393784927,1607,All Programs
1393785752,1393791417,5665,All Programs
1393793520,1393794035,515,All Programs
1393795493,1393795967,474,All Programs
1393797070,1393797587,517,All Programs
1393839962,1393841353,1391,All Programs
1393847448,1393859780,12332,All Programs
1393865741,1393865872,131,All Programs
1393867211,1393874760,7549,All Programs
1393875988,1393881135,5147,All Programs
1393885222,1393885707,485,All Programs
1393892159,1393892235,76,All Programs
1393898692,1393898769,77,All Programs
1393918550,1393918848,298,All Programs
1393924751,1393926805,2054,All Programs
1393929931,1393930606,675,All Programs
1393939619,1393940139,520,All Programs
1393949621,1393950119,498,All Programs
1393956752,1393957304,552,All Programs
1393963070,1393963421,351,All Programs
1393965541,1393967748,2207,All Programs
1393970599,1393970867,268,All Programs
1393973010,1393973575,565,All Programs
1393974152,1393974545,393,All Programs
1394002525,1394002695,170,All Programs
1394009126,1394009180,54,All Programs
1394015659,1394015757,98,All Programs
1394040270,1394040505,235,All Programs
1394043473,1394047814,4341,All Programs
1394049240,1394049484,244,All Programs
1394052502,1394059907,7405,All Programs
1394061104,1394061224,120,All Programs
1394089367,1394089575,208,All Programs
1394095558,1394095837,279,All Programs
1394096396,1394099895,3499,All Programs
1394106382,1394106435,53,All Programs
1394112916,1394112960,44,All Programs
1394119450,1394119500,50,All Programs
1394126001,1394129880,3879,All Programs
1394133810,1394134095,285,All Programs
1394134692,1394134981,289,All Programs
1394138524,1394138895,371,All Programs
1394145602,1394145887,285,All Programs
1394175900,1394176052,152,All Programs
1394186675,1394189551,2876,All Programs
1394199226,1394200260,1034,All Programs
1394207941,1394212906,4965,All Programs
1394218110,1394218531,421,All Programs
1394401210,1394403151,1941,All Programs
1394432625,1394432807,182,All Programs
1394453280,1394453387,107,All Programs
1394476606,1394476787,181,All Programs
1394481848,1394482128,280,All Programs
1394482542,1394486340,3798,All Programs
1394492839,1394492870,31,All Programs
1394499357,1394499404,47,All Programs
1394505890,1394505923,33,All Programs
1394518980,1394519475,495,All Programs
1394530171,1394531326,1155,All Programs
1394554461,1394554967,506,All Programs
1394558523,1394559196,673,All Programs
1394564553,1394565031,478,All Programs
1394574226,1394575848,1622,All Programs
1394579166,1394580256,1090,All Programs
1394606473,1394607183,710,All Programs
1394608889,1394609311,422,All Programs
1394628050,1394630470,2420,All Programs
1394634022,1394634118,96,All Programs
1394640600,1394640644,44,All Programs
1394644864,1394646529,1665,All Programs
1394647569,1394647906,337,All Programs
1394649151,1394650066,915,All Programs
1394650479,1394650787,308,All Programs
1394653132,1394653395,263,All Programs
1394657107,1394659366,2259,All Programs
1394660385,1394664078,3693,All Programs
1394690940,1394691135,195,All Programs
1394695645,1394695918,273,All Programs
1394697745,1394697814,69,All Programs
1394704274,1394704290,16,All Programs
1394710791,1394710840,49,All Programs
1394726460,1394734591,8131,All Programs
1394740563,1394741026,463,All Programs
1394741461,1394742391,930,All Programs
1394776825,1394776951,126,All Programs
1394778149,1394778900,751,All Programs
1394783246,1394783461,215,All Programs
1394805660,1394819296,13636,All Programs
1394819731,1394825730,5999,All Programs
1394826750,1394827667,917,All Programs
1394833212,1394833471,259,All Programs
1394866609,1394873153,6544,All Programs
1394876580,1394876670,90,All Programs
1394882690,1394882820,130,All Programs
1394883250,1394890666,7416,All Programs
1394895455,1394895735,280,All Programs
1394899063,1394899256,193,All Programs
1394901447,1394911620,10173,All Programs
1394912303,1394925903,13600,All Programs
1394932342,1394932396,54,All Programs
1394938892,1394938967,75,All Programs
1394945428,1394945443,15,All Programs
1394961292,1394964234,2942,All Programs
1394966242,1394968455,2213,All Programs
1394973594,1394975409,1815,All Programs
1394975975,1394987824,11849,All Programs
1394988998,1394990930,1932,All Programs
1394997398,1394997436,38,All Programs
1394999791,1395000275,484,All Programs
1395000987,1395004424,3437,All Programs
1395036540,1395036887,347,All Programs
1395038048,1395038293,245,All Programs
1395073155,1395076441,3286,All Programs
1395079116,1395080447,1331,All Programs
1395083202,1395084819,1617,All Programs
1395085981,1395086387,406,All Programs
1395088049,1395088727,678,All Programs
1395092382,1395092672,290,All Programs
1395123751,1395123960,209,All Programs
1395127488,1395127620,132,All Programs
1395129403,1395135647,6244,All Programs
1395161092,1395161562,470,All Programs
1395168169,1395169748,1579,All Programs
1395171370,1395172865,1495,All Programs
1395174380,1395177369,2989,All Programs
1395178482,1395179019,537,All Programs
1395180556,1395180724,168,All Programs
1395182179,1395182340,161,All Programs
1395221040,1395221380,340,All Programs
1395222769,1395223721,952,All Programs
1395227866,1395231993,4127,All Programs
1395247678,1395248040,362,All Programs
1395248442,1395248655,213,All Programs
1395251856,1395256207,4351,All Programs
1395258761,1395259206,445,All Programs
1395259821,1395260102,281,All Programs
1395262109,1395262427,318,All Programs
1395263014,1395263446,432,All Programs
1395263970,1395266199,2229,All Programs
1395295741,1395295936,195,All Programs
1395296742,1395297048,306,All Programs
1395302374,1395302687,313,All Programs
1395303615,1395304540,925,All Programs
1395335757,1395336946,1189,All Programs
1395341778,1395342005,227,All Programs
1395346045,1395346707,662,All Programs
1395347070,1395347326,256,All Programs
1395352696,1395352794,98,All Programs
1395382119,1395382433,314,All Programs
1395388583,1395388737,154,All Programs
1395414924,1395415378,454,All Programs
1395418963,1395419213,250,All Programs
1395420417,1395422807,2390,All Programs
1395427089,1395429298,2209,All Programs
1395434874,1395440267,5393,All Programs
1395441995,1395442171,176,All Programs
1395477508,1395478648,1140,All Programs
1395484520,1395484910,390,All Programs
1395492435,1395493171,736,All Programs
1395493667,1395500137,6470,All Programs
1395511637,1395511960,323,All Programs
1395512765,1395514163,1398,All Programs
1395516948,1395517105,157,All Programs
1395520832,1395525794,4962,All Programs
1395564960,1395567207,2247,All Programs
1395574181,1395574339,158,All Programs
1395577896,1395578006,110,All Programs
1395580819,1395583276,2457,All Programs
1395585221,1395585354,133,All Programs
1395594799,1395595304,505,All Programs
1395605004,1395605155,151,All Programs
1395607119,1395607262,143,All Programs
1395611871,1395611944,73,All Programs
1395642408,1395642637,229,All Programs
1395646233,1395646350,117,All Programs
1395652053,1395654684,2631,All Programs
1395668139,1395668247,108,All Programs
1395687148,1395688199,1051,All Programs
1395691020,1395691296,276,All Programs
1395693208,1395693737,529,All Programs
1395694499,1395694945,446,All Programs
1395699024,1395699232,208,All Programs
1395727735,1395727890,155,All Programs
1395728831,1395728935,104,All Programs
1395749514,1395749632,118,All Programs
1395767777,1395768574,797,All Programs
1395770889,1395772783,1894,All Programs
1395773377,1395773605,228,All Programs
1395775101,1395775438,337,All Programs
1395777478,1395777895,417,All Programs
1395778740,1395782150,3410,All Programs
1395813649,1395813760,111,All Programs
1395814556,1395814859,303,All Programs
1395841041,1395841127,86,All Programs
1395847603,1395847689,86,All Programs
1395854153,1395854223,70,All Programs
1395855805,1395855947,142,All Programs
1395859916,1395860636,720,All Programs
1395867277,1395869645,2368,All Programs
1395899700,1395899911,211,All Programs
1395901178,1395901349,171,All Programs
1395940776,1395945221,4445,All Programs
1395949596,1395950266,670,All Programs
1395951840,1395952059,219,All Programs
1395958519,1395958589,70,All Programs
1395965054,1395965122,68,All Programs
1395971580,1395971627,47,All Programs
1395986917,1395987763,846,All Programs
1395988723,1395989087,364,All Programs
1395993580,1395994544,964,All Programs
1396014261,1396016945,2684,All Programs
1396020720,1396022512,1792,All Programs
1396029638,1396035682,6044,All Programs
1396039544,1396040081,537,All Programs
1396077440,1396079092,1652,All Programs
1396085916,1396086001,85,All Programs
1396112134,1396114620,2486,All Programs
1396115978,1396116977,999,All Programs
1396120495,1396125900,5405,All Programs
1396131878,1396132407,529,All Programs
1396134452,1396134599,147,All Programs
1396135162,1396135660,498,All Programs
1396142121,1396142160,39,All Programs
1396152254,1396152324,70,All Programs
1396158780,1396158826,46,All Programs
1396169904,1396170721,817,All Programs
1396172260,1396178880,6620,All Programs
1396189186,1396190820,1634,All Programs
1396194660,1396195547,887,All Programs
1396196793,1396198996,2203,All Programs
1396202056,1396202476,420,All Programs
1396203976,1396205415,1439,All Programs
1396212511,1396212909,398,All Programs
1396214161,1396214498,337,All Programs
1396215393,1396215972,579,All Programs
1396217877,1396218198,321,All Programs
1396218930,1396219351,421,All Programs
1396247418,1396247523,105,All Programs
1396248455,1396248708,253,All Programs
1396252140,1396252246,106,All Programs
1396253960,1396257315,3355,All Programs
1396257960,1396258001,41,All Programs
1396281216,1396284931,3715,All Programs
1396291381,1396291455,74,All Programs
1396292786,1396294860,2074,All Programs
1396302886,1396303066,180,All Programs
1396332973,1396333308,335,All Programs
1396373611,1396374860,1249,All Programs
1396380237,1396381159,922,All Programs
1396384528,1396384712,184,All Programs
1396389818,1396389926,108,All Programs
1396418936,1396419083,147,All Programs
1396419984,1396420169,185,All Programs
1396458268,1396458405,137,All Programs
1396463958,1396465071,1113,All Programs
1396474137,1396474222,85,All Programs
1396476534,1396476737,203,All Programs
1396479431,1396479691,260,All Programs
1396507418,1396508199,781,All Programs
1396509175,1396509452,277,All Programs
1396513621,1396519335,5714,All Programs
1396540708,1396546678,5970,All Programs
1396551633,1396551955,322,All Programs
1396557100,1396563407,6307,All Programs
1396564980,1396565311,331,All Programs
1396566947,1396567414,467,All Programs
1396568775,1396568843,68,All Programs
1396595318,1396595749,431,All Programs
1396596496,1396598868,2372,All Programs
1396601763,1396602195,432,All Programs
1396602919,1396606935,4016,All Programs
1396617220,1396618140,920,All Programs
1396618711,1396619520,809,All Programs
1396628566,1396630966,2400,All Programs
1396632391,1396636696,4305,All Programs
1396639876,1396640206,330,All Programs
1396641047,1396642021,974,All Programs
1396644061,1396644408,347,All Programs
1396646520,1396646926,406,All Programs
1396653411,1396653467,56,All Programs
1396659960,1396659992,32,All Programs
1396666478,1396666531,53,All Programs
1396683600,1396683873,273,All Programs
1396688224,1396690320,2096,All Programs
1396691027,1396697011,5984,All Programs
1396698549,1396698676,127,All Programs
1396699227,1396699260,33,All Programs
1396701920,1396702261,341,All Programs
1396705151,1396706236,1085,All Programs
1396708908,1396713453,4545,All Programs
1396713877,1396714217,340,All Programs
1396719875,1396719916,41,All Programs
1396727780,1396727927,147,All Programs
1396731107,1396731780,673,All Programs
1396733167,1396733671,504,All Programs
1396734963,1396735516,553,All Programs
1396736850,1396737106,256,All Programs
1396738668,1396739251,583,All Programs
1396741116,1396741411,295,All Programs
1396773016,1396776346,3330,All Programs
1396778228,1396778611,383,All Programs
1396780524,1396780800,276,All Programs
1396781661,1396781867,206,All Programs
1396784674,1396785900,1226,All Programs
1396787069,1396790281,3212,All Programs
1396796765,1396796820,55,All Programs
1396803316,1396803347,31,All Programs
1396809835,1396809882,47,All Programs
1396817150,1396817327,177,All Programs
1396820231,1396825275,5044,All Programs
1396825668,1396826023,355,All Programs
1396851041,1396851120,79,All Programs
1396852011,1396852260,249,All Programs
1396853501,1396853940,439,All Programs
1396873822,1396875706,1884,All Programs
1396877718,1396878000,282,All Programs
1396884747,1396891995,7248,All Programs
1396898472,1396898554,82,All Programs
1396899213,1396899391,178,All Programs
1396900434,1396902235,1801,All Programs
1396903828,1396904056,228,All Programs
1396906190,1396906367,177,All Programs
1396907352,1396907820,468,All Programs
1396908786,1396909066,280,All Programs
1396936841,1396936889,48,All Programs
1396937862,1396939051,1189,All Programs
1396975647,1396975755,108,All Programs
1396976905,1396977660,755,All Programs
1396981174,1396984053,2879,All Programs
1396987090,1396987396,306,All Programs
1396989141,1396990846,1705,All Programs
1396994640,1396994972,332,All Programs
1397001457,1397001545,88,All Programs
1397007991,1397008078,87,All Programs
1397014543,1397014575,32,All Programs
1397023251,1397023396,145,All Programs
1397024550,1397024690,140,All Programs
1397045030,1397045371,341,All Programs
1397046957,1397049403,2446,All Programs
1397061774,1397062800,1026,All Programs
1397066786,1397067540,754,All Programs
1397069230,1397069489,259,All Programs
1397073279,1397074357,1078,All Programs
1397077923,1397080291,2368,All Programs
1397113218,1397113291,73,All Programs
1397114321,1397114447,126,All Programs
1397118417,1397118756,339,All Programs
1397123550,1397123837,287,All Programs
1397130317,1397130406,89,All Programs
1397136870,1397136900,30,All Programs
1397143386,1397143440,54,All Programs
1397148778,1397148840,62,All Programs
1397150952,1397151047,95,All Programs
1397154036,1397154555,519,All Programs
1397157850,1397157948,98,All Programs
1397163977,1397167531,3554,All Programs
1397169934,1397170124,190,All Programs
1397199919,1397199935,16,All Programs
1397207595,1397210696,3101,All Programs
1397222160,1397223855,1695,All Programs
1397226162,1397226429,267,All Programs
1397235995,1397239967,3972,All Programs
1397240960,1397241715,755,All Programs
1397245895,1397246032,137,All Programs
1397252492,1397252562,70,All Programs
1397292264,1397294230,1966,All Programs
1397298464,1397299111,647,All Programs
1397305478,1397305776,298,All Programs
1397306521,1397309610,3089,All Programs
1397315039,1397315412,373,All Programs
1397316918,1397317669,751,All Programs
1397319940,1397320029,89,All Programs
1397323562,1397327983,4421,All Programs
1397330242,1397330496,254,All Programs
1397332641,1397333394,753,All Programs
1397335889,1397336507,618,All Programs
1397338102,1397338558,456,All Programs
1397339867,1397340360,493,All Programs
1397341643,1397342191,548,All Programs
1397343636,1397344021,385,All Programs
1397373710,1397374247,537,All Programs
1397379501,1397384336,4835,All Programs
1397389077,1397391549,2472,All Programs
1397397699,1397398489,790,All Programs
1397401706,1397404322,2616,All Programs
1397405079,1397405167,88,All Programs
1397410062,1397410636,574,All Programs
1397417126,1397417205,79,All Programs
1397417573,1397417824,251,All Programs
1397419429,1397420153,724,All Programs
1397421601,1397422205,604,All Programs
1397423340,1397423960,620,All Programs
1397424946,1397425440,494,All Programs
1397426791,1397427250,459,All Programs
1397429539,1397429790,251,All Programs
1397430663,1397430883,220,All Programs
1397465120,1397467127,2007,All Programs
1397470630,1397470974,344,All Programs
1397472646,1397473744,1098,All Programs
1397488115,1397488441,326,All Programs
1397492473,1397492654,181,All Programs
1397497719,1397497811,92,All Programs
1397498801,1397500101,1300,All Programs
1397502998,1397504055,1057,All Programs
1397505240,1397505713,473,All Programs
1397507210,1397507570,360,All Programs
1397511054,1397511499,445,All Programs
1397512379,1397512770,391,All Programs
1397515559,1397515910,351,All Programs
1397517795,1397518380,585,All Programs
1397549384,1397549949,565,All Programs
1397560336,1397563215,2879,All Programs
1397566200,1397566281,81,All Programs
1397569020,1397569784,764,All Programs
1397571561,1397574407,2846,All Programs
1397589237,1397589672,435,All Programs
1397593984,1397594398,414,All Programs
1397595117,1397596130,1013,All Programs
1397599478,1397600163,685,All Programs
1397601744,1397601976,232,All Programs
1397602869,1397603016,147,All Programs
1397636010,1397636174,164,All Programs
1397639443,1397641447,2004,All Programs
1397643677,1397644004,327,All Programs
1397647220,1397647318,98,All Programs
1397656559,1397656749,190,All Programs
1397658315,1397659546,1231,All Programs
1397666578,1397667094,516,All Programs
1397674296,1397675342,1046,All Programs
1397676914,1397678580,1666,All Programs
1397681413,1397681899,486,All Programs
1397682826,1397686456,3630,All Programs
1397692917,1397692985,68,All Programs
1397699450,1397699520,70,All Programs
1397705985,1397706015,30,All Programs
1397718036,1397718167,131,All Programs
1397722515,1397722736,221,All Programs
1397724858,1397724916,58,All Programs
1397731584,1397732402,818,All Programs
1397737524,1397737702,178,All Programs
1397740911,1397741032,121,All Programs
1397747901,1397748121,220,All Programs
1397755934,1397756778,844,All Programs
1397768804,1397771220,2416,All Programs
1397776933,1397777032,99,All Programs
1397814144,1397814269,125,All Programs
1397817195,1397817538,343,All Programs
1397818561,1397818620,59,All Programs
1397820335,1397820975,640,All Programs
1397829752,1397830698,946,All Programs
1397837143,1397837227,84,All Programs
1397841180,1397844205,3025,All Programs
1397845035,1397846431,1396,All Programs
1397850802,1397851193,391,All Programs
1397853821,1397854269,448,All Programs
1397855699,1397855920,221,All Programs
1397857172,1397857715,543,All Programs
1397858753,1397859184,431,All Programs
1397860230,1397865600,5370,All Programs
1397865600,1397867200,1600,All Programs
1397873661,1397873700,39,All Programs
1397880180,1397880266,86,All Programs
1397886729,1397886764,35,All Programs
1397895697,1397896107,410,All Programs
1397907087,1397909499,2412,All Programs
1397919563,1397920131,568,All Programs
1397934775,1397934888,113,All Programs
1397937051,1397937560,509,All Programs
1397946631,1397947006,375,All Programs
1397951412,1397951600,188,All Programs
1397983260,1397983367,107,All Programs
1397987172,1397987770,598,All Programs
1397995021,1397995803,782,All Programs
1398023904,1398024850,946,All Programs
1398033440,1398034096,656,All Programs
1398034522,1398036320,1798,All Programs
1398067860,1398068006,146,All Programs
1398076481,1398076919,438,All Programs
1398077733,1398078308,575,All Programs
1398079767,1398089439,9672,All Programs
1398090439,1398098625,8186,All Programs
1398100220,1398100921,701,All Programs
1398103833,1398104911,1078,All Programs
1398107738,1398108113,375,All Programs
1398110098,1398110327,229,All Programs
1398113181,1398113773,592,All Programs
1398114529,1398115060,531,All Programs
1398116738,1398117222,484,All Programs
1398117874,1398118156,282,All Programs
1398120453,1398120884,431,All Programs
1398122440,1398122699,259,All Programs
1398155376,1398155645,269,All Programs
1398160971,1398161193,222,All Programs
1398174543,1398176688,2145,All Programs
1398183346,1398184679,1333,All Programs
1398196069,1398196396,327,All Programs
1398198777,1398201413,2636,All Programs
1398204151,1398204660,509,All Programs
1398207966,1398208401,435,All Programs
1398237247,1398238215,968,All Programs
1398239068,1398239818,750,All Programs
1398250169,1398253553,3384,All Programs
1398256941,1398257243,302,All Programs
1398257683,1398266040,8357,All Programs
1398266800,1398275703,8903,All Programs
1398276382,1398276719,337,All Programs
1398300873,1398301663,790,All Programs
1398337276,1398337399,123,All Programs
1398338496,1398342106,3610,All Programs
1398356195,1398356795,600,All Programs
1398357960,1398359911,1951,All Programs
1398360389,1398370607,10218,All Programs
1398371071,1398374266,3195,All Programs
1398375060,1398375586,526,All Programs
1398376231,1398377225,994,All Programs
1398381535,1398381861,326,All Programs
1398383415,1398384000,585,All Programs
1398384000,1398384282,282,All Programs
1398412483,1398412557,74,All Programs
1398414590,1398417226,2636,All Programs
1398428296,1398430500,2204,All Programs
1398431362,1398431987,625,All Programs
1398435532,1398439560,4028,All Programs
1398441751,1398442607,856,All Programs
1398444676,1398453315,8639,All Programs
1398455986,1398456375,389,All Programs
1398458835,1398459676,841,All Programs
1398460936,1398461336,400,All Programs
1398462528,1398462980,452,All Programs
1398464020,1398464507,487,All Programs
1398467354,1398468647,1293,All Programs
1398500810,1398505778,4968,All Programs
1398506838,1398506929,91,All Programs
1398511331,1398514275,2944,All Programs
1398516206,1398517750,1544,All Programs
1398521430,1398521920,490,All Programs
1398528374,1398528449,75,All Programs
1398534095,1398534595,500,All Programs
1398536545,1398536996,451,All Programs
1398539941,1398540109,168,All Programs
1398542117,1398542508,391,All Programs
1398545412,1398545908,496,All Programs
1398547278,1398548131,853,All Programs
1398551546,1398554792,3246,All Programs
1398555676,1398556020,344,All Programs
1398556848,1398556940,92,All Programs
1398590657,1398590760,103,All Programs
1398594845,1398597451,2606,All Programs
1398598831,1398607231,8400,All Programs
1398607995,1398608031,36,All Programs
1398610497,1398610787,290,All Programs
1398620416,1398620760,344,All Programs
1398621751,1398622052,301,All Programs
1398623072,1398624612,1540,All Programs
1398626237,1398626902,665,All Programs
1398631376,1398632039,663,All Programs
1398633146,1398633739,593,All Programs
1398634679,1398635249,570,All Programs
1398636972,1398637234,262,All Programs
1398637928,1398638094,166,All Programs
1398664840,1398664936,96,All Programs
1398665718,1398665917,199,All Programs
1398668345,1398668924,579,All Programs
1398688507,1398689755,1248,All Programs
1398690258,1398691770,1512,All Programs
1398698898,1398699523,625,All Programs
1398705983,1398705998,15,All Programs
1398712496,1398712588,92,All Programs
1398718220,1398726114,7894,All Programs
1398751252,1398751320,68,All Programs
1398752326,1398752562,236,All Programs
1398786840,1398788180,1340,All Programs
1398795540,1398797807,2267,All Programs
1398798180,1398798871,691,All Programs
1398799566,1398806207,6641,All Programs
1398807032,1398807332,300,All Programs
1398808020,1398808711,691,All Programs
1398810255,1398810306,51,All Programs
1398837627,1398837709,82,All Programs
1398838863,1398839027,164,All Programs
1398859561,1398860794,1233,All Programs
1398875904,1398876182,278,All Programs
1398883564,1398884953,1389,All Programs
1398885627,1398885733,106,All Programs
1398887830,1398888303,473,All Programs
1398890971,1398891945,974,All Programs
1398892810,1398893280,470,All Programs
1398896008,1398896335,327,All Programs
1398898836,1398899104,268,All Programs
1398931140,1398931248,108,All Programs
1398936092,1398936820,728,All Programs
1398943272,1398943349,77,All Programs
1398945541,1398949810,4269,All Programs
1398962160,1398962310,150,All Programs
1398964036,1398968944,4908,All Programs
1398969439,1398969498,59,All Programs
1398972900,1398973584,684,All Programs
1398974877,1398974995,118,All Programs
1398977505,1398978025,520,All Programs
1398979620,1398979937,317,All Programs
1398982982,1398983295,313,All Programs
1399014526,1399015193,667,All Programs
1399016337,1399016587,250,All Programs
1399021267,1399021832,565,All Programs
1399036310,1399036463,153,All Programs
1399038989,1399039730,741,All Programs
1399041768,1399042378,610,All Programs
1399047021,1399048232,1211,All Programs
1399053993,1399055806,1813,All Programs
1399056473,1399056783,310,All Programs
1399238355,1399244266,5911,All Programs
1399270844,1399271119,275,All Programs
1399272205,1399272338,133,All Programs
1399278780,1399278872,92,All Programs
1399285320,1399285410,90,All Programs
1399286584,1399288051,1467,All Programs
1399291067,1399294576,3509,All Programs
1399303200,1399307579,4379,All Programs
1399310940,1399311068,128,All Programs
1399311658,1399311989,331,All Programs
1399318453,1399319222,769,All Programs
1399320965,1399326527,5562,All Programs
1399327632,1399328417,785,All Programs
1399330306,1399331773,1467,All Programs
1399357301,1399357621,320,All Programs
1399360716,1399361170,454,All Programs
1399395960,1399402951,6991,All Programs
1399404912,1399405152,240,All Programs
1399406581,1399407065,484,All Programs
1399408800,1399409253,453,All Programs
1399410167,1399410925,758,All Programs
1399412160,1399412446,286,All Programs
1399415649,1399416065,416,All Programs
1399417339,1399417800,461,All Programs
1399424292,1399424324,32,All Programs
1399430810,1399430858,48,All Programs
1399437343,1399437359,16,All Programs
1399443413,1399443780,367,All Programs
1399446757,1399447430,673,All Programs
1399464474,1399465475,1001,All Programs
1399481378,1399481460,82,All Programs
1399482823,1399491195,8372,All Programs
1399492785,1399492923,138,All Programs
1399497323,1399497932,609,All Programs
1399499479,1399504089,4610,All Programs
1399510540,1399510622,82,All Programs
1399517073,1399517155,82,All Programs
1399532457,1399532663,206,All Programs
1399533661,1399533876,215,All Programs
1399537651,1399538700,1049,All Programs
1399568764,1399574700,5936,All Programs
1399578585,1399579362,777,All Programs
1399582109,1399582581,472,All Programs
1399583820,1399584601,781,All Programs
1399585859,1399586747,888,All Programs
1399618826,1399618952,126,All Programs
1399625406,1399626278,872,All Programs
1399629295,1399630255,960,All Programs
1399636704,1399636784,80,All Programs
1399643239,1399643254,15,All Programs
1399651233,1399651378,145,All Programs
1399657828,1399658327,499,All Programs
1399664820,1399667735,2915,All Programs
1399669022,1399669692,670,All Programs
1399670205,1399673782,3577,All Programs
1399714130,1399714247,117,All Programs
1399717989,1399718579,590,All Programs
1399721333,1399726200,4867,All Programs
1399730652,1399737136,6484,All Programs
1399741516,1399741680,164,All Programs
1399742627,1399742792,165,All Programs
1399743969,1399748836,4867,All Programs
1399753438,1399754536,1098,All Programs
1399758196,1399758556,360,All Programs
1399760069,1399760460,391,All Programs
1399761978,1399762320,342,All Programs
1399792638,1399792831,193,All Programs
1399796399,1399799955,3556,All Programs
1399804948,1399805055,107,All Programs
1399835455,1399837308,1853,All Programs
1399838281,1399838416,135,All Programs
1399840301,1399842587,2286,All Programs
1399844263,1399844747,484,All Programs
1399845733,1399846096,363,All Programs
1399847597,1399847760,163,All Programs
1399854242,1399854276,34,All Programs
1399860776,1399860828,52,All Programs
1399867310,1399867358,48,All Programs
1399878952,1399878968,16,All Programs
1399883112,1399883552,440,All Programs
1399883954,1399884495,541,All Programs
1399903131,1399903611,480,All Programs
1399909834,1399912396,2562,All Programs
1399912765,1399912980,215,All Programs
1399918965,1399919235,270,All Programs
1399919601,1399920060,459,All Programs
1399921801,1399921835,34,All Programs
1399922314,1399922447,133,All Programs
1399924838,1399925086,248,All Programs
1399925939,1399929796,3857,All Programs
1399932724,1399932886,162,All Programs
1399961866,1399961940,74,All Programs
1399968416,1399968452,36,All Programs
1399974954,1399975003,49,All Programs
1399981487,1399981535,48,All Programs
1399990209,1399990576,367,All Programs
1399991586,1399992168,582,All Programs
1399997013,1399997422,409,All Programs
1399998241,1399998527,286,All Programs
1400003395,1400003634,239,All Programs
1400004888,1400007272,2384,All Programs
1400009941,1400010000,59,All Programs
1400019816,1400019947,131,All Programs
1400048148,1400048199,51,All Programs
1400059287,1400060326,1039,All Programs
1400068304,1400068321,17,All Programs
1400068764,1400068805,41,All Programs
1400071654,1400072040,386,All Programs
1400086081,1400088168,2087,All Programs
1400094636,1400094736,100,All Programs
1400095150,1400095299,149,All Programs
1400099666,1400099716,50,All Programs
1400103120,1400103811,691,All Programs
1400110287,1400110375,88,All Programs
1400116839,1400116876,37,All Programs
1400123372,1400123400,28,All Programs
1400133659,1400133720,61,All Programs
1400134665,1400134697,32,All Programs
1400138396,1400139360,964,All Programs
1400173825,1400175549,1724,All Programs
1400182613,1400190316,7703,All Programs
1400190872,1400195566,4694,All Programs
1400197749,1400197801,52,All Programs
1400204280,1400204327,47,All Programs
1400210807,1400210855,48,All Programs
1400217341,1400217390,49,All Programs
1400223648,1400223779,131,All Programs
1400224945,1400231476,6531,All Programs
1400233056,1400233189,133,All Programs
1400235277,1400235344,67,All Programs
1400242434,1400242487,53,All Programs
1400249141,1400249208,67,All Programs
1400251021,1400251176,155,All Programs
1400251767,1400252354,587,All Programs
1400258326,1400260969,2643,All Programs
1400270208,1400270635,427,All Programs
1400272380,1400274271,1891,All Programs
1400274693,1400279760,5067,All Programs
1400281655,1400282285,630,All Programs
1400313507,1400313647,140,All Programs
1400320380,1400323481,3101,All Programs
1400325915,1400327890,1975,All Programs
1400331028,1400331616,588,All Programs
1400336410,1400336911,501,All Programs
1400338051,1400346631,8580,All Programs
1400353114,1400353165,51,All Programs
1400359648,1400359698,50,All Programs
1400366181,1400366199,18,All Programs
1400375265,1400375327,62,All Programs
1400400962,1400401103,141,All Programs
1400405541,1400406968,1427,All Programs
1400413800,1400414233,433,All Programs
1400417918,1400417986,68,All Programs
1400431807,1400440042,8235,All Programs
1400446379,1400446832,453,All Programs
1400448350,1400448827,477,All Programs
1400449927,1400450256,329,All Programs
1400451523,1400451857,334,All Programs
1400458316,1400458387,71,All Programs
1400464834,1400464951,117,All Programs
1400479234,1400479375,141,All Programs
1400480334,1400480496,162,All Programs
1400513457,1400513553,96,All Programs
1400520119,1400522656,2537,All Programs
1400523136,1400523527,391,All Programs
1400526868,1400526977,109,All Programs
1400530626,1400533378,2752,All Programs
1400565703,1400565752,49,All Programs
1400566631,1400566942,311,All Programs
1400603798,1400603878,80,All Programs
1400615624,1400617647,2023,All Programs
1400618882,1400619168,286,All Programs
1400621946,1400622420,474,All Programs
1400623676,1400623908,232,All Programs
1400630385,1400630400,15,All Programs
1400630400,1400630432,32,All Programs
1400636917,1400636967,50,All Programs
1400643452,1400643502,50,All Programs
1400660675,1400660855,180,All Programs
1400664071,1400664157,86,All Programs
1400667682,1400667886,204,All Programs
1400669424,1400669520,96,All Programs
1400670331,1400670399,68,All Programs
1400672754,1400672792,38,All Programs
1400675920,1400677772,1852,All Programs
1400678235,1400679300,1065,All Programs
1400681074,1400682586,1512,All Programs
1400683676,1400685311,1635,All Programs
1400686014,1400686338,324,All Programs
1400692928,1400693266,338,All Programs
1400694655,1400695127,472,All Programs
1400698345,1400700227,1882,All Programs
1400706809,1400707011,202,All Programs
1400708319,1400708627,308,All Programs
1400712347,1400712825,478,All Programs
1400719278,1400719294,16,All Programs
1400725794,1400725894,100,All Programs
1400742060,1400742213,153,All Programs
1400743192,1400743550,358,All Programs
1400747140,1400748101,961,All Programs
1400778758,1400778840,82,All Programs
1400782963,1400785729,2766,All Programs
1400788587,1400789331,744,All Programs
1400789761,1400793947,4186,All Programs
1400798461,1400798853,392,All Programs
1400828825,1400829138,313,All Programs
1400831732,1400832298,566,All Programs
1400835302,1400835555,253,All Programs
1400837932,1400838077,145,All Programs
1400850912,1400853529,2617,All Programs
1400854649,1400854865,216,All Programs
1400863335,1400863787,452,All Programs
1400865776,1400868115,2339,All Programs
1400869187,1400869732,545,All Programs
1400872261,1400872878,617,All Programs
1400875000,1400875428,428,All Programs
1400876120,1400884358,8238,All Programs
1400884942,1400889046,4104,All Programs
1400895523,1400895618,95,All Programs
1400902073,1400902129,56,All Programs
1400920801,1400921423,622,All Programs
1400925382,1400929065,3683,All Programs
1400933807,1400935197,1390,All Programs
1400936847,1400947481,10634,All Programs
1400948401,1400949600,1199,All Programs
1400949962,1400958166,8204,All Programs
1400962664,1400962741,77,All Programs
1400966712,1400967571,859,All Programs
1400968320,1400969280,960,All Programs
1400972656,1400973676,1020,All Programs
1401011083,1401013155,2072,All Programs
1401039782,1401045287,5505,All Programs
1401050542,1401050940,398,All Programs
1401052148,1401052471,323,All Programs
1401053806,1401054272,466,All Programs
1401055479,1401058440,2961,All Programs
1401058863,1401059520,657,All Programs
1401085120,1401086836,1716,All Programs
1401106111,1401109951,3840,All Programs
1401117779,1401132870,15091,All Programs
1401133530,1401135031,1501,All Programs
1401135581,1401140040,4459,All Programs
1401143831,1401144255,424,All Programs
1401171505,1401172080,575,All Programs
1401211022,1401211080,58,All Programs
1401217896,1401217929,33,All Programs
1401218455,1401219540,1085,All Programs
1401223396,1401223576,180,All Programs
1401224511,1401225272,761,All Programs
1401226977,1401227400,423,All Programs
1401228100,1401229127,1027,All Programs
1401230217,1401230867,650,All Programs
1401231863,1401232380,517,All Programs
1401238871,1401238902,31,All Programs
1401245386,1401245435,49,All Programs
1401251920,1401251968,48,All Programs
1401256849,1401256865,16,All Programs
1401257884,1401259531,1647,All Programs
1401278396,1401278445,49,All Programs
1401296868,1401299867,2999,All Programs
1401300255,1401301096,841,All Programs
1401303347,1401303676,329,All Programs
1401304380,1401305326,946,All Programs
1401307847,1401308131,284,All Programs
1401311116,1401311492,376,All Programs
1401313231,1401313667,436,All Programs
1401317476,1401318015,539,All Programs
1401318540,1401319307,767,All Programs
1401320461,1401320476,15,All Programs
1401363034,1401364336,1302,All Programs
1401369302,1401369320,18,All Programs
1401371457,1401374491,3034,All Programs
1401378507,1401379006,499,All Programs
1401387210,1401391800,4590,All Programs
1401392858,1401393196,338,All Programs
1401398794,1401399012,218,All Programs
1401400404,1401401040,636,All Programs
1401403759,1401406847,3088,All Programs
1401437140,1401438917,1777,All Programs
1401440516,1401457291,16775,All Programs
1401461850,1401467326,5476,All Programs
1401472130,1401472411,281,All Programs
1401477566,1401477636,70,All Programs
1401478378,1401479387,1009,All Programs
1401480582,1401482356,1774,All Programs
1401482775,1401486227,3452,All Programs
1401491055,1401491312,257,All Programs
1401526010,1401526412,402,All Programs
1401532675,1401532892,217,All Programs
1401550240,1401550298,58,All Programs
1401558163,1401558300,137,All Programs
1401563666,1401564307,641,All Programs
1401566285,1401566687,402,All Programs
1401569642,1401570256,614,All Programs
1401571511,1401572492,981,All Programs
1401572903,1401573556,653,All Programs
1401574006,1401575340,1334,All Programs
1401575750,1401575987,237,All Programs
1401577417,1401579316,1899,All Programs
1401617099,1401617160,61,All Programs
1401620688,1401621106,418,All Programs
1401622733,1401623340,607,All Programs
1401624328,1401625201,873,All Programs
1401626046,1401628298,2252,All Programs
1401638197,1401644820,6623,All Programs
1401647505,1401652817,5312,All Programs
1401658112,1401658427,315,All Programs
1401659474,1401660000,526,All Programs
1401690298,1401690579,281,All Programs
1401693890,1401693991,101,All Programs
1401711604,1401711660,56,All Programs
1401713514,1401715726,2212,All Programs
1401737193,1401739007,1814,All Programs
1401740089,1401743280,3191,All Programs
1401743656,1401744347,691,All Programs
1401746073,1401747811,1738,All Programs
1401750276,1401750426,150,All Programs
1401756869,1401756955,86,All Programs
1401763417,1401763489,72,All Programs
1401769953,1401769980,27,All Programs
1401776357,1401776651,294,All Programs
1401808938,1401809087,149,All Programs
1401815038,1401816331,1293,All Programs
1401818280,1401823243,4963,All Programs
1401825542,1401826617,1075,All Programs
1401827521,1401827977,456,All Programs
1401829366,1401830198,832,All Programs
1401831340,1401831946,606,All Programs
1401833288,1401833366,78,All Programs
1401862477,1401862532,55,All Programs
1401899908,1401900042,134,All Programs
1401901357,1401910075,8718,All Programs
1401910982,1401911835,853,All Programs
1401912507,1401912587,80,All Programs
1401917443,1401917520,77,All Programs
1401920840,1401920942,102,All Programs
1401952587,1401953846,1259,All Programs
1401956176,1401957391,1215,All Programs
1401962460,1401963587,1127,All Programs
1401986151,1401986447,296,All Programs
1401997583,1401998071,488,All Programs
1401999408,1402000380,972,All Programs
1402000891,1402002751,1860,All Programs
1402005964,1402006336,372,All Programs
1402007936,1402008075,139,All Programs
1402038505,1402039367,862,All Programs
1402045844,1402048532,2688,All Programs
1402055011,1402055091,80,All Programs
1402061079,1402061281,202,All Programs
1402072165,1402073027,862,All Programs
1402084585,1402084800,215,All Programs
1402091465,1402091867,402,All Programs
1402094867,1402096186,1319,All Programs
1402098900,1402099200,300,All Programs
1402099200,1402101840,2640,All Programs
1402127524,1402127674,150,All Programs
1402136058,1402137600,1542,All Programs
1402138770,1402139251,481,All Programs
1402147021,1402147156,135,All Programs
1402149338,1402151296,1958,All Programs
1402152170,1402152188,18,All Programs
1402160700,1402160732,32,All Programs
1402163185,1402163791,606,All Programs
1402168587,1402169955,1368,All Programs
1402171446,1402172791,1345,All Programs
1402174042,1402175400,1358,All Programs
1402177750,1402178176,426,All Programs
1402179170,1402179188,18,All Programs
1402186144,1402186276,132,All Programs
1402186956,1402187700,744,All Programs
1402216897,1402217580,683,All Programs
1402221505,1402222636,1131,All Programs
1402223660,1402229040,5380,All Programs
1402229791,1402231066,1275,All Programs
1402231651,1402236256,4605,All Programs
1402238761,1402243838,5077,All Programs
1402252147,1402257930,5783,All Programs
1402258428,1402259926,1498,All Programs
1402260989,1402261275,286,All Programs
1402262463,1402265460,2997,All Programs
1402271854,1402272000,146,All Programs
1402272000,1402272121,121,All Programs
1402305709,1402306920,1211,All Programs
1402313396,1402313475,79,All Programs
1402319023,1402319341,318,All Programs
1402326137,1402326581,444,All Programs
1402346691,1402348667,1976,All Programs
1402394219,1402394250,31,All Programs
1402403110,1402404953,1843,All Programs
1402405816,1402407271,1455,All Programs
1402418657,1402419060,403,All Programs
1402422743,1402423411,668,All Programs
1402428841,1402429111,270,All Programs
1402433421,1402433791,370,All Programs
1402436223,1402436771,548,All Programs
1402437686,1402438440,754,All Programs
1402440229,1402440263,34,All Programs
1402446742,1402446825,83,All Programs
1402453292,1402453360,68,All Programs
1402459827,1402459861,34,All Programs
1402469316,1402471354,2038,All Programs
1402488187,1402488672,485,All Programs
1402490600,1402492859,2259,All Programs
1402505340,1402507867,2527,All Programs
1402516586,1402516914,328,All Programs
1402519814,1402520432,618,All Programs
1402521932,1402522662,730,All Programs
1402524316,1402524705,389,All Programs
1402553661,1402553983,322,All Programs
1402557768,1402557894,126,All Programs
1402591991,1402593695,1704,All Programs
1402600154,1402600169,15,All Programs
1402602505,1402605796,3291,All Programs
1402607452,1402607626,174,All Programs
1402609037,1402609427,390,All Programs
1402610644,1402612752,2108,All Programs
1402613483,1402614717,1234,All Programs
1402616390,1402616835,445,All Programs
1402650047,1402650768,721,All Programs
1402656751,1402658733,1982,All Programs
1402660211,1402660227,16,All Programs
1402665720,1402666052,332,All Programs
1402669055,1402669322,267,All Programs
1402672553,1402672902,349,All Programs
1402679359,1402680120,761,All Programs
1402681536,1402681755,219,All Programs
1402682360,1402685138,2778,All Programs
1402686850,1402690423,3573,All Programs
1402692196,1402692831,635,All Programs
1402694216,1402702854,8638,All Programs
1402703341,1402703499,158,All Programs
1402704016,1402704353,337,All Programs
1402710815,1402710880,65,All Programs
1402717350,1402717380,30,All Programs
1402723868,1402723954,86,All Programs
1402735566,1402735582,16,All Programs
1402740510,1402740967,457,All Programs
1402757859,1402758031,172,All Programs
1402766265,1402766476,211,All Programs
1402774873,1402775149,276,All Programs
1402775727,1402776233,506,All Programs
1402778401,1402779287,886,All Programs
1402780474,1402781053,579,All Programs
1402781678,1402782193,515,All Programs
1402783525,1402790400,6875,All Programs
1402790400,1402793187,2787,All Programs
1402799646,1402799712,66,All Programs
1402806180,1402806246,66,All Programs
1402812715,1402812783,68,All Programs
1402825800,1402826087,287,All Programs
1402831320,1402832878,1558,All Programs
1402833384,1402833780,396,All Programs
1402839634,1402840132,498,All Programs
1402854413,1402863466,9053,All Programs
1402866835,1402867535,700,All Programs
1402869504,1402872967,3463,All Programs
1402879411,1402879498,87,All Programs
1402885964,1402886032,68,All Programs
1402892499,1402892535,36,All Programs
1402899878,1402900083,205,All Programs
1402920284,1402920668,384,All Programs
1402922154,1402922191,37,All Programs
1402932193,1402932397,204,All Programs
1402938963,1402941729,2766,All Programs
1402944622,1402945543,921,All Programs
1402948352,1402950056,1704,All Programs
1402955795,1402956343,548,All Programs
1402985822,1402986118,296,All Programs
1402989717,1402990065,348,All Programs
1403021139,1403024580,3441,All Programs
1403025227,1403027218,1991,All Programs
1403030430,1403031861,1431,All Programs
1403033888,1403034081,193,All Programs
1403034511,1403034917,406,All Programs
1403037756,1403038233,477,All Programs
1403038944,1403039487,543,All Programs
1403041139,1403041792,653,All Programs
1403042580,1403043032,452,All Programs
1403044681,1403045265,584,All Programs
1403046257,1403046584,327,All Programs
1403072505,1403072766,261,All Programs
1403076235,1403076614,379,All Programs
1403092343,1403092756,413,All Programs
1403096840,1403097448,608,All Programs
1403110358,1403114387,4029,All Programs
1403115427,1403119696,4269,All Programs
1403121998,1403122709,711,All Programs
1403123265,1403123341,76,All Programs
1403127229,1403127487,258,All Programs
1403128222,1403128635,413,All Programs
1403132802,1403133052,250,All Programs
1403168520,1403168568,48,All Programs
1403175843,1403176591,748,All Programs
1403177698,1403179824,2126,All Programs
1403183492,1403189401,5909,All Programs
1403190536,1403192407,1871,All Programs
1403201863,1403206294,4431,All Programs
1403210658,1403210793,135,All Programs
1403212283,1403212884,601,All Programs
1403214005,1403214575,570,All Programs
1403217369,1403217855,486,All Programs
1403218921,1403219340,419,All Programs
1403221419,1403221840,421,All Programs
1403222534,1403222887,353,All Programs
1403258498,1403258568,70,All Programs
1403261616,1403261955,339,All Programs
1403271997,1403276011,4014,All Programs
1403277332,1403277616,284,All Programs
1403279015,1403280436,1421,All Programs
1403280905,1403286195,5290,All Programs
1403288495,1403291469,2974,All Programs
1403294188,1403295046,858,All Programs
1403297056,1403297515,459,All Programs
1403298754,1403299278,524,All Programs
1403300188,1403300682,494,All Programs
1403301657,1403307762,6105,All Programs
1403338890,1403339133,243,All Programs
1403344132,1403352871,8739,All Programs
1403353456,1403353740,284,All Programs
1403356367,1403356636,269,All Programs
1403360190,1403360781,591,All Programs
1403361818,1403362492,674,All Programs
1403363122,1403369590,6468,All Programs
1403392486,1403395200,2714,All Programs
1403395200,1403399371,4171,All Programs
1403430001,1403430106,105,All Programs
1403435640,1403441672,6032,All Programs
1403442256,1403442400,144,All Programs
1403449842,1403450478,636,All Programs
1403451331,1403459851,8520,All Programs
1403466751,1403467307,556,All Programs
1403469900,1403470366,466,All Programs
1403471660,1403472208,548,All Programs
1403474426,1403474979,553,All Programs
1403475951,1403476530,579,All Programs
1403503241,1403503308,67,All Programs
1403507255,1403507923,668,All Programs
1403529373,1403529797,424,All Programs
1403532418,1403533075,657,All Programs
1403553116,1403553348,232,All Programs
1403555690,1403556060,370,All Programs
1403557030,1403562616,5586,All Programs
1403594561,1403595136,575,All Programs
1403601647,1403603927,2280,All Programs
1403604467,1403606687,2220,All Programs
1403639867,1403641026,1159,All Programs
1403642674,1403643104,430,All Programs
1403643805,1403644787,982,All Programs
1403646323,1403646656,333,All Programs
1403684815,1403685882,1067,All Programs
1403703672,1403707026,3354,All Programs
1403719947,1403721280,1333,All Programs
1403723096,1403723625,529,All Programs
1403724673,1403725712,1039,All Programs
1403726131,1403727121,990,All Programs
1403728651,1403729476,825,All Programs
1403729971,1403730631,660,All Programs
1403732132,1403732806,674,All Programs
1403733167,1403733871,704,All Programs
1403735220,1403735820,600,All Programs
1403736496,1403736900,404,All Programs
1403737831,1403738195,364,All Programs
1403766528,1403766632,104,All Programs
1403770104,1403771340,1236,All Programs
1403784777,1403788959,4182,All Programs
1403789539,1403790255,716,All Programs
1403797261,1403804760,7499,All Programs
1403808840,1403811856,3016,All Programs
1403812426,1403812786,360,All Programs
1403814856,1403815649,793,All Programs
1403816951,1403817222,271,All Programs
1403818587,1403820060,1473,All Programs
1403822337,1403823098,761,All Programs
1403856054,1403856249,195,All Programs
1403857426,1403857607,181,All Programs
1403861261,1403861602,341,All Programs
1403862908,1403864225,1317,All Programs
1403874105,1403874220,115,All Programs
1403875539,1403875740,201,All Programs
1403885601,1403886395,794,All Programs
1403887480,1403887854,374,All Programs
1404075895,1404078287,2392,All Programs
1404141256,1404146220,4964,All Programs
1404146611,1404146987,376,All Programs
1404148800,1404149056,256,All Programs
1404151243,1404159047,7804,All Programs
1404160260,1404160620,360,All Programs
1404161446,1404161926,480,All Programs
1404163740,1404164266,526,All Programs
1404168000,1404169750,1750,All Programs
1404194604,1404194636,32,All Programs
1404195522,1404195766,244,All Programs
1404199380,1404199455,75,All Programs
1404221133,1404221946,813,All Programs
1404226202,1404227027,825,All Programs
1404230040,1404234840,4800,All Programs
1404237158,1404237676,518,All Programs
1404238207,1404241891,3684,All Programs
1404243473,1404245446,1973,All Programs
1404247260,1404248160,900,All Programs
1404248908,1404248987,79,All Programs
1404254280,1404254715,435,All Programs
1404256033,1404257520,1487,All Programs
1404281316,1404281347,31,All Programs
1404286620,1404288016,1396,All Programs
1404290330,1404293596,3266,All Programs
1404294078,1404294180,102,All Programs
1404294637,1404297076,2439,All Programs
1404298877,1404299149,272,All Programs
1404311124,1404313996,2872,All Programs
1404314488,1404317895,3407,All Programs
1404330902,1404332295,1393,All Programs
1404335276,1404335566,290,All Programs
1404337080,1404337606,526,All Programs
1404338048,1404338446,398,All Programs
1404340440,1404340950,510,All Programs
1404343269,1404343816,547,All Programs
1404344727,1404345106,379,All Programs
1404345700,1404345720,20,All Programs
1404368371,1404368595,224,All Programs
1404372217,1404372286,69,All Programs
1404373440,1404374626,1186,All Programs
1404375031,1404380160,5129,All Programs
1404411996,1404412366,370,All Programs
1404415320,1404416087,767,All Programs
1404419940,1404420436,496,All Programs
1404421612,1404421980,368,All Programs
1404423397,1404423871,474,All Programs
1404425225,1404425566,341,All Programs
1404427320,1404427891,571,All Programs
1404428609,1404429090,481,All Programs
1404431352,1404431747,395,All Programs
1404432308,1404433020,712,All Programs
1404457511,1404458460,949,All Programs
1404480226,1404480346,120,All Programs
1404483600,1404483691,91,All Programs
1404487610,1404488116,506,All Programs
1404488700,1404488835,135,All Programs
1404500285,1404501211,926,All Programs
1404504994,1404505140,146,All Programs
1404506563,1404507256,693,All Programs
1404508317,1404508907,590,All Programs
1404510300,1404510947,647,All Programs
1404512040,1404512596,556,All Programs
1404512984,1404518235,5251,All Programs
1404519140,1404519180,40,All Programs
1404554399,1404555360,961,All Programs
1404562787,1404563431,644,All Programs
1404564214,1404567480,3266,All Programs
1404735811,1404736651,840,All Programs
1404738283,1404749476,11193,All Programs
1404750962,1404751020,58,All Programs
1404753580,1404753946,366,All Programs
1404754920,1404756751,1831,All Programs
1404757633,1404758011,378,All Programs
1404758424,1404768871,10447,All Programs
1404770679,1404770820,141,All Programs
1404772247,1404772531,284,All Programs
1404777007,1404777211,204,All Programs
1404808882,1404809582,700,All Programs
1404819693,1404823635,3942,All Programs
1404834815,1404834900,85,All Programs
1404835485,1404835726,241,All Programs
1404836166,1404837331,1165,All Programs
1404842533,1404846511,3978,All Programs
1404848179,1404849286,1107,All Programs
1404849701,1404849915,214,All Programs
1404852055,1404852630,575,All Programs
1404853354,1404853920,566,All Programs
1404855411,1404855887,476,All Programs
1404859620,1404859696,76,All Programs
1404863894,1404864000,106,All Programs
1404864000,1404864151,151,All Programs
1404864551,1404864991,440,All Programs
1404894449,1404895440,991,All Programs
1404899673,1404900001,328,All Programs
1404902871,1404902902,31,All Programs
1404904080,1404904111,31,All Programs
1404905839,1404905987,148,All Programs
1404911160,1404914851,3691,All Programs
1404923897,1404924751,854,All Programs
1404928037,1404933091,5054,All Programs
1404935088,1404935236,148,All Programs
1404935607,1404936000,393,All Programs
1404936804,1404937126,322,All Programs
1404937800,1404938806,1006,All Programs
1404939480,1404939871,391,All Programs
1404940387,1404943577,3190,All Programs
1404944990,1404945480,490,All Programs
1404947288,1404947551,263,All Programs
1404948226,1404948646,420,All Programs
1404949740,1404949995,255,All Programs
1404950821,1404951706,885,All Programs
1404953520,1404953820,300,All Programs
1404983220,1404983747,527,All Programs
1404988380,1405001747,13367,All Programs
1405009320,1405009740,420,All Programs
1405011835,1405011916,81,All Programs
1405013211,1405013475,264,All Programs
1405015055,1405018307,3252,All Programs
1405024980,1405025280,300,All Programs
1405032105,1405032570,465,All Programs
1405033480,1405033951,471,All Programs
1405035987,1405036351,364,All Programs
1405037472,1405037536,64,All Programs
1405069640,1405070460,820,All Programs
1405075950,1405076746,796,All Programs
1405081380,1405085550,4170,All Programs
1405090549,1405091147,598,All Programs
1405104121,1405105937,1816,All Programs
1405106956,1405107153,197,All Programs
1405108319,1405108876,557,All Programs
1405110737,1405116300,5563,All Programs
1405116831,1405123200,6369,All Programs
1405123200,1405123516,316,All Programs
1405153181,1405153486,305,All Programs
1405155300,1405155661,361,All Programs
1405158125,1405161227,3102,All Programs
1405171081,1405175940,4859,All Programs
1405176753,1405177751,998,All Programs
1405188981,1405204936,15955,All Programs
1405205336,1405209106,3770,All Programs
1405242960,1405243007,47,All Programs
1405247280,1405250700,3420,All Programs
1405251671,1405251856,185,All Programs
1405252482,1405252562,80,All Programs
1405257515,1405260001,2486,All Programs
1405275579,1405276367,788,All Programs
1405278600,1405281496,2896,All Programs
1405288062,1405289087,1025,All Programs
1405291080,1405293556,2476,All Programs
1405296922,1405299376,2454,All Programs
1405327077,1405327169,92,All Programs
1405331128,1405333233,2105,All Programs
1405334571,1405336020,1449,All Programs
1405338177,1405338331,154,All Programs
1405343590,1405343594,4,All Programs
1405348980,1405349010,30,All Programs
1405349479,1405350990,1511,All Programs
1405354380,1405355655,1275,All Programs
1405360517,1405364820,4303,All Programs
1405367467,1405369981,2514,All Programs
1405376199,1405382026,5827,All Programs
1405415640,1405416136,496,All Programs
1405421726,1405422075,349,All Programs
1405423897,1405424071,174,All Programs
1405439620,1405439940,320,All Programs
1405442646,1405442926,280,All Programs
1405445040,1405445491,451,All Programs
1405446549,1405447186,637,All Programs
1405447738,1405452796,5058,All Programs
1405453829,1405454566,737,All Programs
1405456800,1405457131,331,All Programs
1405458225,1405458675,450,All Programs
1405460090,1405460551,461,All Programs
1405461664,1405462095,431,All Programs
1405462751,1405468051,5300,All Programs
1405469859,1405470000,141,All Programs
1405475285,1405475317,32,All Programs
1405477097,1405477128,31,All Programs
1405502280,1405502310,30,All Programs
1405503299,1405503676,377,All Programs
1405504164,1405504351,187,All Programs
1405511889,1405512496,607,All Programs
1405514725,1405517071,2346,All Programs
1405522016,1405522052,36,All Programs
1405545707,1405549680,3973,All Programs
1405550769,1405551240,471,All Programs
1405551621,1405551871,250,All Programs
1405588056,1405588620,564,All Programs
1405590511,1405591096,585,All Programs
1405592130,1405594531,2401,All Programs
1405599520,1405600711,1191,All Programs
1405601406,1405601880,474,All Programs
1405602811,1405603247,436,All Programs
1405603756,1405605000,1244,All Programs
1405605686,1405605720,34,All Programs
1405609153,1405609830,677,All Programs
1405610295,1405615620,5325,All Programs
1405626073,1405627186,1113,All Programs
1405634460,1405635691,1231,All Programs
1405679810,1405679851,41,All Programs
1405713431,1405713795,364,All Programs
1405748917,1405749015,98,All Programs
1405750320,1405750471,151,All Programs
1405751923,1405751971,48,All Programs
1405760843,1405775520,14677,All Programs
1405779047,1405779062,15,All Programs
1405784598,1405784836,238,All Programs
1405790038,1405796807,6769,All Programs
1405797256,1405797991,735,All Programs
1405799019,1405799040,21,All Programs
1405811220,1405811611,391,All Programs
1405812066,1405812114,48,All Programs
1405813440,1405813667,227,All Programs
1405846381,1405852320,5939,All Programs
1405853900,1405856147,2247,All Programs
1405856680,1405857195,515,All Programs
1405857853,1405858200,347,All Programs
1405858725,1405859056,331,All Programs
1405862820,1405863180,360,All Programs
1405864074,1405868056,3982,All Programs
1405869475,1405870847,1372,All Programs
1405871233,1405873501,2268,All Programs
1405874168,1405875300,1132,All Programs
1405928637,1405932136,3499,All Programs
1405933337,1405933560,223,All Programs
1405938101,1405941347,3246,All Programs
1405941806,1405945200,3394,All Programs
1405949330,1405954740,5410,All Programs
1405956307,1405960681,4374,All Programs
1406016248,1406016616,368,All Programs
1406027431,1406027446,15,All Programs
1406029800,1406029816,16,All Programs
1406039061,1406039432,371,All Programs
1406049937,1406050095,158,All Programs
1406059454,1406065952,6498,All Programs
1406101835,1406102056,221,All Programs
1406105317,1406105760,443,All Programs
1406122288,1406122696,408,All Programs
1406125504,1406125519,15,All Programs
1406131500,1406131515,15,All Programs
1406139485,1406141400,1915,All Programs
1406160117,1406160196,79,All Programs
1406161333,1406161380,47,All Programs
1406163790,1406163821,31,All Programs
1406192700,1406192851,151,All Programs
1406282716,1406283480,764,All Programs
1406284058,1406285791,1733,All Programs
1406305723,1406306806,1083,All Programs
1406315040,1406315251,211,All Programs
1406326637,1406326996,359,All Programs
1406365144,1406365246,102,All Programs
1406371800,1406371936,136,All Programs
1406373942,1406383907,9965,All Programs
1406384365,1406385540,1175,All Programs
1406471649,1406474327,2678,All Programs
1406474800,1406480866,6066,All Programs
1406481284,1406482800,1516,All Programs
1406563936,1406567280,3344,All Programs
1406587009,1406587216,207,All Programs
1406650546,1406651247,701,All Programs
1406651657,1406651760,103,All Programs
1406652155,1406653336,1181,All Programs
1406654994,1406655300,306,All Programs
1406658353,1406658511,158,All Programs
1406658921,1406659155,234,All Programs
1406666058,1406666176,118,All Programs
1406666859,1406670047,3188,All Programs
1406670506,1406670541,35,All Programs
1406738810,1406739780,970,All Programs
1406752373,1406752651,278,All Programs
1406756239,1406756867,628,All Programs
1406800080,1406802828,2748,All Programs
1406819700,1406821635,1935,All Programs
1406826823,1406826931,108,All Programs
1406828749,1406828835,86,All Programs
1406846878,1406847015,137,All Programs
1406891932,1406892435,503,All Programs
1406895817,1406895991,174,All Programs
1406897967,1406903896,5929,All Programs
1406907512,1406908713,1201,All Programs
1406924588,1406926246,1658,All Programs
1406926920,1406932591,5671,All Programs
1406934141,1406937600,3459,All Programs
1406937600,1406938636,1036,All Programs
1406970059,1406970360,301,All Programs
1406988262,1406988346,84,All Programs
1406990040,1406991240,1200,All Programs
1407027043,1407027391,348,All Programs
1407057288,1407057555,267,All Programs
1407066909,1407084151,17242,All Programs
1407084859,1407085380,521,All Programs
1407097023,1407097171,148,All Programs
1407097597,1407097695,98,All Programs
1407098096,1407099736,1640,All Programs
1407100214,1407101207,993,All Programs
1407101773,1407110400,8627,All Programs
1407110400,1407112560,2160,All Programs
1407147071,1407147150,79,All Programs
1407150274,1407151067,793,All Programs
1407155700,1407155940,240,All Programs
1407158682,1407163155,4473,All Programs
1407170901,1407180391,9490,All Programs
1407186153,1407191760,5607,All Programs
1407195022,1407195330,308,All Programs
1407196701,1407196800,99,All Programs
1407196800,1407196995,195,All Programs
1407225635,1407225751,116,All Programs
1407229730,1407230040,310,All Programs
1407240157,1407241920,1763,All Programs
1407242326,1407242386,60,All Programs
1407271369,1407271756,387,All Programs
1407274522,1407274951,429,All Programs
1407277606,1407278100,494,All Programs
1407278558,1407279795,1237,All Programs
1407313241,1407313351,110,All Programs
1407316813,1407334906,18093,All Programs
1407335336,1407338239,2903,All Programs
1407343874,1407351735,7861,All Programs
1407353866,1407354241,375,All Programs
1407354980,1407355051,71,All Programs
1407358607,1407358891,284,All Programs
1407360528,1407360915,387,All Programs
1407361787,1407362311,524,All Programs
1407364334,1407364891,557,All Programs
1407365882,1407366316,434,All Programs
1407367892,1407368356,464,All Programs
1407369539,1407369600,61,All Programs
1407369600,1407370021,421,All Programs
1407370596,1407371550,954,All Programs
1407401220,1407409995,8775,All Programs
1407411801,1407411960,159,All Programs
1407412463,1407412591,128,All Programs
1407418314,1407418440,126,All Programs
1407422581,1407427667,5086,All Programs
1407436560,1407437446,886,All Programs
1407441120,1407441512,392,All Programs
1407449070,1407449476,406,All Programs
1407451267,1407451740,473,All Programs
1407452702,1407453120,418,All Programs
1407455320,1407455596,276,All Programs
1407456427,1407456947,520,All Programs
1407486300,1407486480,180,All Programs
1407489815,1407491132,1317,All Programs
1407498114,1407498840,726,All Programs
1407509656,1407509672,16,All Programs
1407517597,1407517920,323,All Programs
1408104400,1408106911,2511,All Programs
1408107555,1408107960,405,All Programs
1408108529,1408109176,647,All Programs
1408121486,1408122856,1370,All Programs
1408123236,1408129516,6280,All Programs
1408132486,1408132786,300,All Programs
1408134300,1408140031,5731,All Programs
1408142681,1408143647,966,All Programs
1408144027,1408144058,31,All Programs
1408146339,1408146587,248,All Programs
1408184221,1408184295,74,All Programs
1408192249,1408192606,357,All Programs
1408196040,1408196327,287,All Programs
1408197136,1408202040,4904,All Programs
1408202965,1408205987,3022,All Programs
1408207380,1408209060,1680,All Programs
1408209899,1408211235,1336,All Programs
1408214467,1408214655,188,All Programs
1408215548,1408219127,3579,All Programs
1408223940,1408225531,1591,All Programs
1408228411,1408233600,5189,All Programs
1408233600,1408234290,690,All Programs
1408237750,1408237800,50,All Programs
1408240848,1408242151,1303,All Programs
1408271940,1408271970,30,All Programs
1408278770,1408278887,117,All Programs
1408283760,1408283775,15,All Programs
1408288047,1408288111,64,All Programs
1408291644,1408292400,756,All Programs
1408292807,1408297860,5053,All Programs
1408298293,1408298671,378,All Programs
1408303942,1408304551,609,All Programs
1408308279,1408308631,352,All Programs
1408309729,1408310207,478,All Programs
1408311300,1408311720,420,All Programs
1408313408,1408314030,622,All Programs
1408314567,1408315800,1233,All Programs
1408318255,1408320000,1745,All Programs
1408320000,1408320916,916,All Programs
1408348981,1408349040,59,All Programs
1408352390,1408352986,596,All Programs
1408358760,1408363096,4336,All Programs
1408365337,1408365391,54,All Programs
1408372617,1408372664,47,All Programs
1408380960,1408381666,706,All Programs
1408383240,1408388971,5731,All Programs
1408391035,1408391629,594,All Programs
1408395360,1408396800,1440,All Programs
1408399445,1408400131,686,All Programs
1408402782,1408404496,1714,All Programs
1408431654,1408431736,82,All Programs
1408439403,1408442934,3531,All Programs
1408448199,1408452151,3952,All Programs
1408452788,1408453591,803,All Programs
1408455805,1408456741,936,All Programs
1408458240,1408458377,137,All Programs
1408459061,1408461392,2331,All Programs
1408462408,1408466820,4412,All Programs
1408468180,1408469400,1220,All Programs
1408471207,1408471260,53,All Programs
1408476667,1408476698,31,All Programs
1408477094,1408477125,31,All Programs
1408478011,1408479900,1889,All Programs
1408481164,1408481595,431,All Programs
1408482111,1408482615,504,All Programs
1408485011,1408485301,290,All Programs
1408485838,1408486127,289,All Programs
1408515660,1408515811,151,All Programs
1408519089,1408519531,442,All Programs
1408537440,1408537846,406,All Programs
1408556906,1408558920,2014,All Programs
1408559582,1408560047,465,All Programs
1408561141,1408562880,1739,All Programs
1408566643,1408567171,528,All Programs
1408568008,1408568475,467,All Programs
1408570360,1408570876,516,All Programs
1408571422,1408571851,429,All Programs
1408573343,1408573816,473,All Programs
1408574615,1408575031,416,All Programs
1408575767,1408576307,540,All Programs
1408601790,1408602135,345,All Programs
1408605859,1408605875,16,All Programs
1408622580,1408622626,46,All Programs
1408624920,1408626135,1215,All Programs
1408641252,1408643355,2103,All Programs
1408643974,1408647631,3657,All Programs
1408653415,1408653840,425,All Programs
1408655004,1408655476,472,All Programs
1408657094,1408657336,242,All Programs
1408658596,1408659093,497,All Programs
1408660867,1408661313,446,All Programs
1408662436,1408662831,395,All Programs
1408695500,1408696607,1107,All Programs
1408701001,1408701210,209,All Programs
1408714060,1408714126,66,All Programs
1408717081,1408719976,2895,All Programs
1408731727,1408732920,1193,All Programs
1408736998,1408737451,453,All Programs
1408742125,1408742371,246,All Programs
1408743779,1408744846,1067,All Programs
1408748280,1408748460,180,All Programs
1408785224,1408787100,1876,All Programs
1408790103,1408790160,57,All Programs
1408795325,1408800692,5367,All Programs
1408807838,1408809046,1208,All Programs
1408820940,1408821000,60,All Programs
1408826395,1408827631,1236,All Programs
1408830679,1408831127,448,All Programs
1408836960,1408837140,180,All Programs
1408874772,1408877700,2928,All Programs
1408883565,1408884346,781,All Programs
1408885681,1408885800,119,All Programs
1408897001,1408897140,139,All Programs
1408907113,1408907253,140,All Programs
1408913824,1408914180,356,All Programs
1408914854,1408915740,886,All Programs
1408917618,1408917763,145,All Programs
1408919769,1408919881,112,All Programs
1408947575,1408947691,116,All Programs
1408968308,1408968375,67,All Programs
1408971944,1408972410,466,All Programs
1408981013,1408981291,278,All Programs
1408996980,1408997340,360,All Programs
1408998093,1408998555,462,All Programs
1409000986,1409002275,1289,All Programs
1409033871,1409034270,399,All Programs
1409074102,1409074726,624,All Programs
1409075460,1409075820,360,All Programs
1409076267,1409076571,304,All Programs
1409082768,1409083127,359,All Programs
1409085780,1409086215,435,All Programs
1409090530,1409090595,65,All Programs
1409120208,1409120371,163,All Programs
1409144111,1409144656,545,All Programs
1409169453,1409169600,147,All Programs
1409171488,1409171926,438,All Programs
1409173020,1409173291,271,All Programs
1409206620,1409206846,226,All Programs
1409228340,1409231371,3031,All Programs
1409292540,1409292600,60,All Programs
1409300327,1409301332,1005,All Programs
1409318988,1409319600,612,All Programs
1409321102,1409321220,118,All Programs
1409321956,1409322090,134,All Programs
1409322555,1409322887,332,All Programs
1409324222,1409324252,30,All Programs
1409325049,1409325838,789,All Programs
1409530800,1409531660,860,All Programs
1409552245,1409552491,246,All Programs
1409555898,1409556642,744,All Programs
1409585640,1409585955,315,All Programs
1409586789,1409586871,82,All Programs
1409587322,1409587412,90,All Programs
1409588374,1409588446,72,All Programs
1409604420,1409605846,1426,All Programs
1409608080,1409608456,376,All Programs
1409609140,1409609821,681,All Programs
1409638897,1409639251,354,All Programs
1409668832,1409668860,28,All Programs
1409670666,1409673240,2574,All Programs
1409687475,1409687867,392,All Programs
1409690580,1409690867,287,All Programs
1409693760,1409694180,420,All Programs
1409695326,1409695740,414,All Programs
1409697597,1409697916,319,All Programs
1409725587,1409725755,168,All Programs
1409747121,1409748826,1705,All Programs
1409749292,1409749666,374,All Programs
1409764380,1409766077,1697,All Programs
1409770990,1409771040,50,All Programs
1409774116,1409774700,584,All Programs
1409777857,1409778047,190,All Programs
1409783281,1409783400,119,All Programs
1409784390,1409784795,405,All Programs
1409785483,1409785951,468,All Programs
1409813280,1409813551,271,All Programs
1409834100,1409834866,766,All Programs
1409860740,1409861025,285,All Programs
1409863200,1409863456,256,All Programs
1409864467,1409864940,473,All Programs
1409865462,1409872831,7369,All Programs
1409900460,1409900505,45,All Programs
1409906100,1409906836,736,All Programs
1409923552,1409924535,983,All Programs
1409964847,1409964989,142,All Programs
1409994079,1409994300,221,All Programs
1409999519,1409999791,272,All Programs
1410000838,1410003960,3122,All Programs
1410006664,1410007006,342,All Programs
1410011580,1410011926,346,All Programs
1410019800,1410019860,60,All Programs
1410036135,1410044146,8011,All Programs
1410045217,1410047055,1838,All Programs
1410047467,1410047760,293,All Programs
1410079421,1410079484,63,All Programs
1410094200,1410094321,121,All Programs
1410096143,1410096211,68,All Programs
1410097342,1410100066,2724,All Programs
1410109980,1410110011,31,All Programs
1410116620,1410117000,380,All Programs
1410119499,1410119955,456,All Programs
1410120988,1410121606,618,All Programs
1410122014,1410126616,4602,All Programs
1410128168,1410128280,112,All Programs
1410158613,1410159060,447,All Programs
1410181243,1410183241,1998,All Programs
1410185959,1410188536,2577,All Programs
1410190342,1410190500,158,All Programs
1410194783,1410200115,5332,All Programs
1410205949,1410206476,527,All Programs
1410207428,1410209611,2183,All Programs
1410210609,1410212132,1523,All Programs
1410214009,1410215251,1242,All Programs
1410243840,1410244064,224,All Programs
1410286740,1410289620,2880,All Programs
1410290725,1410290777,52,All Programs
1410295329,1410296476,1147,All Programs
1410297257,1410298155,898,All Programs
1410298622,1410298786,164,All Programs
1410300600,1410300840,240,All Programs
1410303917,1410304111,194,All Programs
1410306382,1410306780,398,All Programs
1410330225,1410330390,165,All Programs
1410352963,1410354347,1384,All Programs
1410367320,1410367380,60,All Programs
1410371398,1410375827,4429,All Programs
1410378720,1410380089,1369,All Programs
1410380510,1410380687,177,All Programs
1410384420,1410385456,1036,All Programs
1410416965,1410417348,383,All Programs
1410439200,1410439291,91,All Programs
1410456960,1410458672,1712,All Programs
1410459297,1410459420,123,All Programs
1410461289,1410462496,1207,All Programs
1410464301,1410464446,145,All Programs
1410465021,1410465871,850,All Programs
1410467765,1410468000,235,All Programs
1410469674,1410469772,98,All Programs
1410471368,1410471528,160,All Programs
1410503100,1410503160,60,All Programs
1410526025,1410527640,1615,All Programs
1410538149,1410538277,128,All Programs
1410541261,1410543060,1799,All Programs
1410543476,1410544727,1251,All Programs
1410546840,1410548612,1772,All Programs
1410550537,1410554160,3623,All Programs
1410554956,1410556771,1815,All Programs
1410558576,1410558721,145,All Programs
1410559592,1410559755,163,All Programs
1410560724,1410560988,264,All Programs
1410563160,1410565500,2340,All Programs
1410595352,1410595472,120,All Programs
1410596390,1410596415,25,All Programs
1410606934,1410607307,373,All Programs
1410633360,1410635520,2160,All Programs
1410638130,1410638628,498,All Programs
1410639360,1410639526,166,All Programs
1410641581,1410641596,15,All Programs
1410643093,1410646140,3047,All Programs
1410646687,1410649327,2640,All Programs
1410686576,1410687406,830,All Programs
1410691680,1410691860,180,All Programs
1410694367,1410696107,1740,All Programs
1410703440,1410703500,60,All Programs
1410708867,1410711840,2973,All Programs
1410713646,1410713820,174,All Programs
1410719174,1410719205,31,All Programs
1410719798,1410719829,31,All Programs
1410720960,1410720990,30,All Programs
1410726360,1410727155,795,All Programs
1410727639,1410727755,116,All Programs
1410728223,1410728880,657,All Programs
1410731415,1410732392,977,All Programs
1410734726,1410734821,95,All Programs
1410765814,1410766020,206,All Programs
1410786728,1410786796,68,All Programs
1410804009,1410804886,877,All Programs
1410810840,1410811486,646,All Programs
1410812220,1410813572,1352,All Programs
1410813960,1410819316,5356,All Programs
1410888831,1410889080,249,All Programs
1410892445,1410894690,2245,All Programs
1410899101,1410900889,1788,All Programs
1410901620,1410901815,195,All Programs
1410903445,1410903886,441,All Programs
1410957060,1410957120,60,All Programs
1410963708,1410963916,208,All Programs
1410978153,1410978572,419,All Programs
1410983374,1410983971,597,All Programs
1410985136,1410990376,5240,All Programs
1410990891,1410992340,1449,All Programs
1410992943,1410993346,403,All Programs
1411021930,1411022267,337,All Programs
1411024500,1411025251,751,All Programs
1411045500,1411046190,690,All Programs
1411060200,1411062350,2150,All Programs
1411063080,1411063140,60,All Programs
1411064944,1411064975,31,All Programs
1411066140,1411066426,286,All Programs
1411068240,1411068375,135,All Programs
1411070190,1411070312,122,All Programs
1411072666,1411073055,389,All Programs
1411074245,1411074691,446,All Programs
1411076148,1411076656,508,All Programs
1411077581,1411078336,755,All Programs
1411079585,1411080061,476,All Programs
1411081417,1411081800,383,All Programs
1411111498,1411112266,768,All Programs
1411116361,1411118236,1875,All Programs
1411119310,1411120171,861,All Programs
1411126572,1411126695,123,All Programs
1411138712,1411138816,104,All Programs
1411147129,1411147306,177,All Programs
1411158480,1411158691,211,All Programs
1411164132,1411164286,154,All Programs
1411168080,1411168200,120,All Programs
1411171843,1411174876,3033,All Programs
1411209540,1411210427,887,All Programs
1411217760,1411218075,315,All Programs
1411225904,1411226327,423,All Programs
1411235400,1411235506,106,All Programs
1411239660,1411240155,495,All Programs
1411246165,1411246200,35,All Programs
1411251239,1411251588,349,All Programs
1411253701,1411253956,255,All Programs
1411288518,1411288800,282,All Programs
1411297317,1411298551,1234,All Programs
1411299993,1411302588,2595,All Programs
1411310580,1411310760,180,All Programs
1411316406,1411316640,234,All Programs
1411321159,1411321667,508,All Programs
1411325280,1411325446,166,All Programs
1411326240,1411326451,211,All Programs
1411330796,1411333576,2780,All Programs
1411341047,1411341471,424,All Programs
1411388331,1411389900,1569,All Programs
1411391940,1411392075,135,All Programs
1411397340,1411397356,16,All Programs
1411399200,1411399216,16,All Programs
1411402741,1411402756,15,All Programs
1411408320,1411408620,300,All Programs
1411413500,1411413615,115,All Programs
1411417289,1411421791,4502,All Programs
1411422732,1411424235,1503,All Programs
1411453482,1411453785,303,All Programs
1411491300,1411493551,2251,All Programs
1411501984,1411504020,2036,All Programs
1411504765,1411505400,635,All Programs
1411506049,1411506570,521,All Programs
1411508266,1411508641,375,All Programs
1411512041,1411512436,395,All Programs
1411513374,1411513635,261,All Programs
1411516872,1411516920,48,All Programs
1411539890,1411540111,221,All Programs
1411542744,1411543560,816,All Programs
1411566221,1411566540,319,All Programs
1411567310,1411568687,1377,All Programs
1411569393,1411570155,762,All Programs
1411573438,1411573576,138,All Programs
1411578844,1411578863,19,All Programs
1411579470,1411579501,31,All Programs
1411580646,1411580677,31,All Programs
1411586640,1411586836,196,All Programs
1411590741,1411593572,2831,All Programs
1411595476,1411596916,1440,All Programs
1411599153,1411600893,1740,All Programs
1411626661,1411626871,210,All Programs
1411647300,1411647436,136,All Programs
1411655332,1411655348,16,All Programs
1411668020,1411668960,940,All Programs
1411669330,1411669832,502,All Programs
1411672504,1411672560,56,All Programs
1411673832,1411674632,800,All Programs
1411677394,1411677932,538,All Programs
1411679179,1411679535,356,All Programs
1411680971,1411681277,306,All Programs
1411682618,1411683076,458,All Programs
1411686185,1411686540,355,All Programs
1411714455,1411714546,91,All Programs
1411715520,1411715640,120,All Programs
1411719226,1411721416,2190,All Programs
1411751827,1411752316,489,All Programs
1411752924,1411753096,172,All Programs
1411761370,1411761601,231,All Programs
1411764040,1411764511,471,All Programs
1411765805,1411766416,611,All Programs
1411767523,1411768080,557,All Programs
1411769534,1411770033,499,All Programs
1411773779,1411775520,1741,All Programs
1411809285,1411809540,255,All Programs
1411821131,1411822007,876,All Programs
1411826520,1411826656,136,All Programs
1411830346,1411836301,5955,All Programs
1411836891,1411836907,16,All Programs
1411839864,1411840003,139,All Programs
1411842301,1411842586,285,All Programs
1411847700,1411847941,241,All Programs
1411850887,1411858847,7960,All Programs
1411859940,1411860166,226,All Programs
1411893540,1411893812,272,All Programs
1411897226,1411897590,364,All Programs
1411898590,1411900560,1970,All Programs
1411904495,1411904717,222,All Programs
1411919050,1411919291,241,All Programs
1411920841,1411921007,166,All Programs
1411922820,1411922880,60,All Programs
1411925121,1411926107,986,All Programs
1411929900,1411930066,166,All Programs
1411932881,1411933606,725,All Programs
1411934460,1411934550,90,All Programs
1411936789,1411936876,87,All Programs
1411940380,1411940851,471,All Programs
1411942173,1411942246,73,All Programs
1411942714,1411942746,32,All Programs
1412453746,1412464951,11205,All Programs
1412465671,1412466271,600,All Programs
1412468220,1412468236,16,All Programs
1412498796,1412502691,3895,All Programs
1412512800,1412513251,451,All Programs
1412515072,1412515380,308,All Programs
1412516435,1412517240,805,All Programs
1412522578,1412523451,873,All Programs
1412524160,1412529511,5351,All Programs
1412539063,1412540415,1352,All Programs
1412540936,1412541091,155,All Programs
1412541895,1412542351,456,All Programs
1412543704,1412544180,476,All Programs
1412545041,1412545516,475,All Programs
1412548320,1412550211,1891,All Programs
1412589660,1412591146,1486,All Programs
1412595060,1412596980,1920,All Programs
1412598202,1412598331,129,All Programs
1412605039,1412605471,432,All Programs
1412616604,1412616720,116,All Programs
1412618246,1412619376,1130,All Programs
1412619974,1412620500,526,All Programs
1412624375,1412625660,1285,All Programs
1412626438,1412626621,183,All Programs
1412628427,1412628691,264,All Programs
1412629053,1412629695,642,All Programs
1412631502,1412631660,158,All Programs
1412632022,1412640000,7978,All Programs
1412640000,1412640675,675,All Programs
1412676535,1412676811,276,All Programs
1412679888,1412680020,132,All Programs
1412686049,1412686081,32,All Programs
1412688360,1412688406,46,All Programs
1412708830,1412708896,66,All Programs
1412712129,1412712211,82,All Programs
1412714133,1412714387,254,All Programs
1412715900,1412716307,407,All Programs
1412721781,1412722426,645,All Programs
1412763780,1412763900,120,All Programs
1412774100,1412774355,255,All Programs
1412774884,1412774956,72,All Programs
1412786080,1412786356,276,All Programs
1412790709,1412791112,403,All Programs
1412795527,1412795626,99,All Programs
1412799601,1412810536,10935,All Programs
1412813724,1412814376,652,All Programs
1412849679,1412850000,321,All Programs
1412885631,1412888267,2636,All Programs
1412889780,1412891911,2131,All Programs
1412899256,1412899628,372,All Programs
1412935170,1412935291,121,All Programs
1412940783,1412942340,1557,All Programs
1412949234,1412963690,14456,All Programs
1412969777,1412969940,163,All Programs
1412971746,1412971777,31,All Programs
1412973478,1412973735,257,All Programs
1412975909,1412975940,31,All Programs
1413020611,1413020701,90,All Programs
1413024791,1413024886,95,All Programs
1413035520,1413035536,16,All Programs
1413042135,1413042180,45,All Programs
1413057040,1413057300,260,All Programs
1413060095,1413063451,3356,All Programs
1413109800,1413109846,46,All Programs
1413121380,1413133097,11717,All Programs
1413136597,1413137494,897,All Programs
1413143835,1413143927,92,All Programs
1413145740,1413146055,315,All Programs
1413154284,1413154486,202,All Programs
1413195420,1413195480,60,All Programs
1413207170,1413214830,7660,All Programs
1413227040,1413227190,150,All Programs
1413230744,1413231055,311,All Programs
1413231955,1413236687,4732,All Programs
1413244740,1413244800,60,All Programs
1413244800,1413245221,421,All Programs
1413280928,1413280945,17,All Programs
1413288300,1413288480,180,All Programs
1413368006,1413368023,17,All Programs
1413371356,1413371477,121,All Programs
1413387832,1413388127,295,All Programs
1413397620,1413397666,46,All Programs
1413405180,1413405480,300,All Programs
1413406356,1413406816,460,All Programs
1413408514,1413408900,386,All Programs
1413409832,1413410431,599,All Programs
1413412023,1413412680,657,All Programs
1413413798,1413414391,593,All Programs
1413415911,1413416176,265,All Programs
1413461642,1413464731,3089,All Programs
1413466532,1413466575,43,All Programs
1413467183,1413467230,47,All Programs
1413472623,1413472654,31,All Programs
1413474420,1413474556,136,All Programs
1413475625,1413477811,2186,All Programs
1413486225,1413486540,315,All Programs
1413486977,1413488355,1378,All Programs
1413491895,1413492271,376,All Programs
1413495594,1413495841,247,All Programs
1413497122,1413497596,474,All Programs
1413499270,1413499531,261,All Programs
1413562620,1413564092,1472,All Programs
1413567457,1413568860,1403,All Programs
1413575616,1413575911,295,All Programs
1413577256,1413579796,2540,All Programs
1413580391,1413582600,2209,All Programs
1413583546,1413585016,1470,All Programs
1413623667,1413626280,2613,All Programs
1413629147,1413629715,568,All Programs
1413631755,1413636271,4516,All Programs
1413637020,1413637396,376,All Programs
1413642931,1413643891,960,All Programs
1413646860,1413651300,4440,All Programs
1413653040,1413655440,2400,All Programs
1413658845,1413659100,255,All Programs
1413661936,1413662415,479,All Programs
1413669435,1413672360,2925,All Programs
1413683175,1413683190,15,All Programs
1413706546,1413707956,1410,All Programs
1413711166,1413715291,4125,All Programs
1413715891,1413715937,46,All Programs
1413716431,1413716494,63,All Programs
1413720104,1413720375,271,All Programs
1413723557,1413727351,3794,All Programs
1413733811,1413734731,920,All Programs
1413745547,1413745560,13,All Programs
1413757704,1413757831,127,All Programs
1413768644,1413768661,17,All Programs
1413786558,1413786706,148,All Programs
1413809880,1413809926,46,All Programs
1413819300,1413819766,466,All Programs
1413826680,1413827371,691,All Programs
1413828010,1413828871,861,All Programs
1413830057,1413830581,524,All Programs
1413836945,1413837391,446,All Programs
1413838457,1413838831,374,All Programs
1413840353,1413840900,547,All Programs
1413875490,1413875580,90,All Programs
1413886395,1413886410,15,All Programs
1413920803,1413921571,768,All Programs
1413925672,1413926116,444,All Programs
1413930977,1413931320,343,All Programs
1413935210,1413935567,357,All Programs
1413946380,1413946396,16,All Programs
1413959154,1413959371,217,All Programs
1413970186,1413970200,14,All Programs
1413992446,1413992462,16,All Programs
1414003099,1414003935,836,All Programs
1414014750,1414014765,15,All Programs
1414066380,1414066651,271,All Programs
1414077466,1414077480,14,All Programs
1414091098,1414091371,273,All Programs
1414093847,1414094207,360,All Programs
1414098269,1414098615,346,All Programs
1414100180,1414100580,400,All Programs
1414111395,1414111411,16,All Programs
1414139875,1414140496,621,All Programs
1414151311,1414151326,15,All Programs
1414163700,1414163971,271,All Programs
1414174786,1414174800,14,All Programs
1414357454,1414357531,77,All Programs
1414368345,1414368360,15,All Programs
1414391087,1414391235,148,All Programs
1414394562,1414394611,49,All Programs
1414405426,1414405440,14,All Programs
1414411971,1414412401,430,All Programs
1414423216,1414423231,15,All Programs
1414426099,1414426306,207,All Programs
1414439580,1414439866,286,All Programs
1414441260,1414441560,300,All Programs
1414442569,1414448220,5651,All Programs
1414449421,1414449840,419,All Programs
1414450753,1414451176,423,All Programs
1414477550,1414477727,177,All Programs
1414511125,1414516171,5046,All Programs
1414526514,1414526566,52,All Programs
1414530300,1414530616,316,All Programs
1414532079,1414532536,457,All Programs
1414533719,1414534021,302,All Programs
1414535891,1414536315,424,All Programs
1414537313,1414537740,427,All Programs
1414539553,1414539780,227,All Programs
1414550594,1414550609,15,All Programs
1414564395,1414564515,120,All Programs
1414575330,1414575345,15,All Programs
1414600980,1414602975,1995,All Programs
1414671094,1414671167,73,All Programs
1414673340,1414674870,1530,All Programs
1414685684,1414685700,16,All Programs
1414686651,1414690876,4225,All Programs
1414692472,1414694251,1779,All Programs
1414703087,1414703508,421,All Programs
1414714320,1414714336,16,All Programs
1414739813,1414739972,159,All Programs
1414750787,1414750801,14,All Programs
1414771340,1414771620,280,All Programs
1414776511,1414776751,240,All Programs
1414783620,1414784848,1228,All Programs
1414830307,1414830480,173,All Programs
1414834947,1414835656,709,All Programs
1414841038,1414847055,6017,All Programs
1414857869,1414857884,15,All Programs
1414858740,1414858891,151,All Programs
1414869706,1414869721,15,All Programs
1414874670,1414885366,10696,All Programs
1414918440,1414918757,317,All Programs
1414928077,1414928791,714,All Programs
1414929480,1414930606,1126,All Programs
1414934220,1414934250,30,All Programs
1414937861,1414937927,66,All Programs
1414997340,1414997760,420,All Programs
1415008574,1415008590,16,All Programs
1415029366,1415032411,3045,All Programs
1415040828,1415041367,539,All Programs
1415044982,1415045013,31,All Programs
1415046238,1415053560,7322,All Programs
1415082492,1415082707,215,All Programs
1415104140,1415104575,435,All Programs
1415106451,1415107815,1364,All Programs
1415118630,1415118646,16,All Programs
1415130721,1415130886,165,All Programs
1415136120,1415136135,15,All Programs
1415168966,1415169435,469,All Programs
1415171775,1415171971,196,All Programs
1415182785,1415182800,15,All Programs
1415192339,1415193420,1081,All Programs
1415204234,1415204249,15,All Programs
1415206032,1415207417,1385,All Programs
1415208023,1415209187,1164,All Programs
1415212081,1415214751,2670,All Programs
1415217135,1415217555,420,All Programs
1415219818,1415219833,15,All Programs
1415221140,1415221306,166,All Programs
1415223240,1415223331,91,All Programs
1415224224,1415224667,443,All Programs
1415258669,1415258730,61,All Programs
1415269545,1415269560,15,All Programs
1415278607,1415278831,224,All Programs
1415289646,1415289661,15,All Programs
1415294715,1415295840,1125,All Programs
1415299896,1415300327,431,All Programs
1415306220,1415306640,420,All Programs
1415307822,1415308290,468,All Programs
1415309764,1415310240,476,All Programs
1415311438,1415311907,469,All Programs
1415313540,1415313975,435,All Programs
1415317935,1415318161,226,All Programs
1415328975,1415328991,16,All Programs
1415345271,1415345415,144,All Programs
1415369034,1415370376,1342,All Programs
1415383251,1415383560,309,All Programs
1415394376,1415394391,15,All Programs
1415400373,1415402611,2238,All Programs
1415413427,1415413440,13,All Programs
1415440476,1415440651,175,All Programs
1415447151,1415447267,116,All Programs
1415453340,1415462386,9046,All Programs
1415466000,1415466166,166,All Programs
1415467020,1415467080,60,All Programs
1415470429,1415470771,342,All Programs
1415475809,1415476291,482,All Programs
1415478012,1415479800,1788,All Programs
1415484911,1415485291,380,All Programs
1415489192,1415489460,268,All Programs
1415490505,1415490840,335,All Programs
1415501655,1415501670,15,All Programs
1415528915,1415529091,176,All Programs
1415538092,1415538167,75,All Programs
1415559660,1415560486,826,All Programs
1415568000,1415569846,1846,All Programs
1415570520,1415573416,2896,All Programs
1415573836,1415575006,1170,All Programs
1415585820,1415585835,15,All Programs
1415600831,1415601047,216,All Programs
1415636460,1415636626,166,All Programs
1415644740,1415646540,1800,All Programs
1415649158,1415649555,397,All Programs
1415650747,1415656666,5919,All Programs
1415660280,1415660340,60,All Programs
1415720255,1415722816,2561,All Programs
1415728874,1415729386,512,All Programs
1415729881,1415732940,3059,All Programs
1415733502,1415733660,158,All Programs
1415735487,1415736075,588,All Programs
1415738252,1415738760,508,All Programs
1415739775,1415740260,485,All Programs
1415742228,1415742260,32,All Programs
1415773680,1415774252,572,All Programs
1415785067,1415785081,14,All Programs
1415797102,1415797936,834,All Programs
1415808751,1415808766,15,All Programs
1415824381,1415824486,105,All Programs
1415825760,1415826031,271,All Programs
1415827967,1415829316,1349,All Programs
1415840131,1415840146,15,All Programs
1415859900,1415859931,31,All Programs
1415862871,1415863621,750,All Programs
1415874435,1415874450,15,All Programs
1415882377,1415882520,143,All Programs
1415900713,1415901556,843,All Programs
1415903691,1415905294,1603,All Programs
1415912761,1415913180,419,All Programs
1415952441,1415952615,174,All Programs
1415954201,1415954475,274,All Programs
1415965290,1415965305,15,All Programs
1415985000,1415985045,45,All Programs
1415995140,1415997241,2101,All Programs
1415997807,1416003075,5268,All Programs
1416013890,1416013905,15,All Programs
1416043500,1416043546,46,All Programs
1416054361,1416054376,15,All Programs
1416067395,1416068851,1456,All Programs
1416072462,1416072511,49,All Programs
1416080040,1416080131,91,All Programs
1416086089,1416087031,942,All Programs
1416087588,1416088980,1392,All Programs
1416089673,1416090615,942,All Programs
1416132517,1416133140,623,All Programs
1416143956,1416143972,16,All Programs
1416148348,1416148651,303,All Programs
1416159465,1416159480,15,All Programs
1416167699,1416167971,272,All Programs
1416171716,1416172187,471,All Programs
1416205500,1416205620,120,All Programs
1416216434,1416216450,16,All Programs
1416245959,1416246075,116,All Programs
1416253799,1416254281,482,All Programs
1416259915,1416260056,141,All Programs
1416270871,1416270886,15,All Programs
1416295560,1416295659,99,All Programs
1416308406,1416308491,85,All Programs
1416309332,1416309451,119,All Programs
1416314549,1416314927,378,All Programs
1416319920,1416320017,97,All Programs
1416330831,1416330855,24,All Programs
1416332304,1416332926,622,All Programs
1416333600,1416333720,120,All Programs
1416344535,1416344550,15,All Programs
1416378420,1416378527,107,All Programs
1416381660,1416381967,307,All Programs
1416392781,1416392797,16,All Programs
1416418207,1416418995,788,All Programs
1416429810,1416429825,15,All Programs
1416436201,1416436247,46,All Programs
1416447061,1416447076,15,All Programs
1416464670,1416464747,77,All Programs
1416475560,1416475576,16,All Programs
1416506462,1416508155,1693,All Programs
1416518970,1416518986,16,All Programs
1416559560,1416559651,91,All Programs
1416570466,1416570480,14,All Programs
1416577487,1416577652,165,All Programs
1416588467,1416588480,13,All Programs
1416602423,1416602867,444,All Programs
1416613680,1416613696,16,All Programs
1416651062,1416651496,434,All Programs
1416662311,1416662326,15,All Programs
1416676021,1416676471,450,All Programs
1416683409,1416684180,771,All Programs
1416692116,1416692326,210,All Programs
1416692850,1416699931,7081,All Programs
1416703540,1416703876,336,All Programs
1416704411,1416704442,31,All Programs
1416715258,1416715273,15,All Programs
1416736500,1416737372,872,All Programs
1416748186,1416748215,29,All Programs
1416750259,1416754427,4168,All Programs
1416755460,1416760231,4771,All Programs
1416766815,1416767146,331,All Programs
1416771360,1416772111,751,All Programs
1416780137,1416780180,43,All Programs
1416781736,1416781860,124,All Programs
1416782507,1416782940,433,All Programs
1416793756,1416793771,15,All Programs
1416833389,1416833679,290,All Programs
1416844494,1416844509,15,All Programs
1416846791,1416849031,2240,All Programs
1416855733,1416856246,513,All Programs
1416864361,1416867555,3194,All Programs
1416878370,1416878385,15,All Programs
1416945360,1416945376,16,All Programs
1416946732,1416948780,2048,All Programs
1416949636,1416949846,210,All Programs
1416953460,1416953490,30,All Programs
1416953900,1416954196,296,All Programs
1416965011,1416965027,16,All Programs
1416986460,1416986535,75,All Programs
1416997350,1416997365,15,All Programs
1417007341,1417007400,59,All Programs
1417018216,1417018231,15,All Programs
1417022051,1417022133,82,All Programs
1417032947,1417032960,13,All Programs
1417036023,1417036351,328,All Programs
1417038577,1417038900,323,All Programs
1417049715,1417049731,16,All Programs
1417096373,1417096546,173,All Programs
1417107300,1417107316,16,All Programs
1417107805,1417110931,3126,All Programs
1417182840,1417183171,331,All Programs
1417190438,1417190746,308,All Programs
1417191421,1417193311,1890,All Programs
1417204127,1417204140,13,All Programs
1417381068,1417382866,1798,All Programs
1417448220,1417451761,3541,All Programs
1417453795,1417454206,411,All Programs
1417458841,1417459290,449,All Programs
1417470106,1417470120,14,All Programs
1417504920,1417505071,151,All Programs
1417515885,1417515900,15,All Programs
1417524666,1417524780,114,All Programs
1417525795,1417525826,31,All Programs
1417539467,1417541777,2310,All Programs
1417546442,1417547026,584,All Programs
1417550640,1417550671,31,All Programs
1417556280,1417556491,211,All Programs
1417559872,1417560331,459,All Programs
1417571147,1417571160,13,All Programs
1417609940,1417611660,1720,All Programs
1417612122,1417612293,171,All Programs
1417623105,1417623120,15,All Programs
1417626425,1417628655,2230,All Programs
1417638444,1417639290,846,All Programs
1417650106,1417650120,14,All Programs
1417675634,1417675860,226,All Programs
1417677494,1417677720,226,All Programs
1417688535,1417688550,15,All Programs
1417697255,1417698091,836,All Programs
1417708906,1417708920,14,All Programs
1417712079,1417712768,689,All Programs
1417713131,1417713256,125,All Programs
1417713987,1417714831,844,All Programs
1417716038,1417716196,158,All Programs
1417718198,1417718655,457,All Programs
1417721051,1417722091,1040,All Programs
1417722732,1417724295,1563,All Programs
1417735110,1417735126,16,All Programs
1417767060,1417767516,456,All Programs
1417768241,1417768291,50,All Programs
1417779105,1417779120,15,All Programs
1417788720,1417788780,60,All Programs
1417789425,1417789560,135,All Programs
1417790864,1417794000,3136,All Programs
1417794811,1417805926,11115,All Programs
1417812840,1417813320,480,All Programs
1417815021,1417815615,594,All Programs
1417816548,1417820040,3492,All Programs
1417823204,1417823686,482,All Programs
1417824290,1417824840,550,All Programs
1417825531,1417826353,822,All Programs
1417837155,1417837170,15,All Programs
1417861250,1417878360,17110,All Programs
1417887441,1417891954,4513,All Programs
1417895563,1417895641,78,All Programs
1417899251,1417900156,905,All Programs
1417902595,1417910400,7805,All Programs
1417910400,1417910896,496,All Programs
1417921712,1417921727,15,All Programs
1417947120,1417947151,31,All Programs
1417952587,1417962095,9508,All Programs
1417964892,1417965481,589,All Programs
1417967439,1417971510,4071,All Programs
1417972099,1417972680,581,All Programs
1417981982,1417982251,269,All Programs
1417988747,1417989226,479,All Programs
1418058000,1418061435,3435,All Programs
1418070174,1418080800,10626,All Programs
1418091614,1418091629,15,All Programs
1418130326,1418130693,367,All Programs
1418141507,1418141520,13,All Programs
1418142293,1418150927,8634,All Programs
1418154668,1418155095,427,All Programs
1418157444,1418158156,712,All Programs
1418158889,1418159327,438,All Programs
1418161140,1418161396,256,All Programs
1418162768,1418163166,398,All Programs
1418214060,1418214391,331,All Programs
1418216145,1418218695,2550,All Programs
1418220413,1418222820,2407,All Programs
1418232542,1418240026,7484,All Programs
1418280960,1418281560,600,All Programs
1418292375,1418292391,16,All Programs
1418315783,1418315820,37,All Programs
1418323349,1418323935,586,All Programs
1418330518,1418330640,122,All Programs
1418341454,1418341470,16,All Programs
1418371464,1418373811,2347,All Programs
1418384625,1418384640,15,All Programs
1418390966,1418391091,125,All Programs
1418395981,1418397571,1590,All Programs
1418401520,1418402267,747,All Programs
1418404380,1418404954,574,All Programs
1418415769,1418415781,12,All Programs
1418421224,1418421420,196,All Programs
1418425028,1418425291,263,All Programs
1418466473,1418468266,1793,All Programs
1418474640,1418474715,75,All Programs
1418477481,1418487125,9644,All Programs
1418488177,1418488920,743,All Programs
1418493120,1418494395,1275,All Programs
1418494781,1418502766,7985,All Programs
1418503967,1418505031,1064,All Programs
1418506171,1418509215,3044,All Programs
1418509951,1418515200,5249,All Programs
1418515200,1418516386,1186,All Programs
1418546400,1418554367,7967,All Programs
1418558040,1418559571,1531,All Programs
1418560231,1418576731,16500,All Programs
1418579527,1418580060,533,All Programs
1418585198,1418586915,1717,All Programs
1418587359,1418592391,5032,All Programs
1418592904,1418594431,1527,All Programs
1418594851,1418598015,3164,All Programs
1418625555,1418628017,2462,All Programs
1418648676,1418658586,9910,All Programs
1418659181,1418660206,1025,All Programs
1418661841,1418661960,119,All Programs
1418663280,1418664240,960,All Programs
1418665811,1418673480,7669,All Programs
1418674001,1418677846,3845,All Programs
1418680321,1418680352,31,All Programs
1418844473,1418850167,5694,All Programs
1418860980,1418860996,16,All Programs
1418921375,1418932260,10885,All Programs
1418935869,1418935920,51,All Programs
1418939529,1418939560,31,All Programs
1418943180,1418943226,46,All Programs
1418975640,1418976466,826,All Programs
1418977064,1418977500,436,All Programs
1418978496,1418978656,160,All Programs
1418989472,1418989487,15,All Programs
1418990580,1418994692,4112,All Programs
1418999531,1418999611,80,All Programs
1419000209,1419000435,226,All Programs
1419002077,1419002101,24,All Programs
1419007158,1419007380,222,All Programs
1419008086,1419015901,7815,All Programs
1419026715,1419026731,16,All Programs
1419065640,1419069224,3584,All Programs
1419069805,1419072240,2435,All Programs
1419078061,1419090900,12839,All Programs
1419151335,1419151591,256,All Programs
1419151963,1419155491,3528,All Programs
1419160270,1419160907,637,All Programs
1419171240,1419171467,227,All Programs
1419175260,1419177240,1980,All Programs
1419177633,1419181035,3402,All Programs
1419181916,1419181932,16,All Programs
1419184080,1419184591,511,All Programs
1419186104,1419186256,152,All Programs
1419187521,1419189375,1854,All Programs
1419190386,1419191296,910,All Programs
1419192498,1419194311,1813,All Programs
1419194748,1419198391,3643,All Programs
1419199620,1419199800,180,All Programs
1419248526,1419249364,838,All Programs
1419328140,1419328299,159,All Programs
1419331071,1419331187,116,All Programs
1419342000,1419342016,16,All Programs
1419349902,1419350041,139,All Programs
1419360856,1419360871,15,All Programs
1419416939,1419417195,256,All Programs
1419420805,1419420840,35,All Programs
1419424450,1419424481,31,All Programs
1419428100,1419428146,46,All Programs
1419448289,1419448620,331,All Programs
1419459435,1419459450,15,All Programs
1419489052,1419492166,3114,All Programs
1419499560,1419499651,91,All Programs
1419501201,1419501511,310,All Programs
1419512326,1419512340,14,All Programs
1419593490,1419593536,46,All Programs
1419619212,1419619306,94,All Programs
1419620100,1419620206,106,All Programs
1419624900,1419624975,75,All Programs
1419631252,1419632431,1179,All Programs
1419643246,1419643261,15,All Programs
1419667753,1419668206,453,All Programs
1419697800,1419697860,60,All Programs
1419708674,1419708689,15,All Programs
1419720783,1419721620,837,All Programs
1419732435,1419732450,15,All Programs
1419766660,1419766680,20,All Programs
1419774371,1419779896,5525,All Programs
1419790711,1419790726,15,All Programs
1419796500,1419797971,1471,All Programs
1419798385,1419798436,51,All Programs
1419799900,1419800447,547,All Programs
1419801720,1419803790,2070,All Programs
1419804249,1419805380,1131,All Programs
1419806189,1419806280,91,All Programs
1419843660,1419845536,1876,All Programs
1419847640,1419847907,267,All Programs
1419851460,1419851491,31,All Programs
1419856439,1419856456,17,All Programs
1419859614,1419859630,16,All Programs
1419862080,1419862143,63,All Programs
1419872958,1419872973,15,All Programs
1419957000,1419957736,736,All Programs
1419966660,1419967591,931,All Programs
1419971200,1419971235,35,All Programs
1419975746,1419975780,34,All Programs
1419979389,1419979440,51,All Programs
1419981904,1419982411,507,All Programs
1419993226,1419993241,15,All Programs
1420017941,1420017972,31,All Programs
1420018584,1420019820,1236,All Programs
1420020625,1420023766,3141,All Programs
1420027200,1420027575,375,All Programs
1420031933,1420040220,8287,All Programs
1420042989,1420043004,15,All Programs
1420048458,1420051215,2757,All Programs
1420052014,1420053660,1646,All Programs
1420054197,1420058700,4503,All Programs
1420063980,1420064280,300,All Programs
1420065887,1420067147,1260,All Programs
