start_ts,end_ts,duration,program
1379364451,1379364466,15,Activity Monitor
1379438236,1379438371,135,Activity Monitor
1379609740,1379609760,20,Activity Monitor
1379961120,1379961136,16,Activity Monitor
1380143567,1380143580,13,Activity Monitor
1381068976,1381069516,540,Activity Monitor
1381325100,1381325835,735,Activity Monitor
1381780861,1381781040,179,Activity Monitor
1381838353,1381838373,20,Activity Monitor
1381951035,1381951051,16,Activity Monitor
1382018970,1382019211,241,Activity Monitor
1382349780,1382350546,766,Activity Monitor
1382352166,1382352180,14,Activity Monitor
1382363326,1382363476,150,Activity Monitor
1382369011,1382370000,989,Activity Monitor
1382374096,1382374500,404,Activity Monitor
1382479291,1382479306,15,Activity Monitor
1382606986,1382607540,554,Activity Monitor
1382721000,1382722380,1380,Activity Monitor
1382795895,1382796515,620,Activity Monitor
1382814155,1382816280,2125,Activity Monitor
1382821800,1382825040,3240,Activity Monitor
1383069949,1383069960,11,Activity Monitor
1383078780,1383078797,17,Activity Monitor
1383249480,1383249600,120,Activity Monitor
1383420494,1383420632,138,Activity Monitor
1383673216,1383673307,91,Activity Monitor
1383753874,1383754036,162,Activity Monitor
1383807932,1383807948,16,Activity Monitor
1383858256,1383858300,44,Activity Monitor
1383946607,1383946620,13,Activity Monitor
1383950035,1383951255,1220,Activity Monitor
1384416935,1384417054,119,Activity Monitor
1384530287,1384530348,61,Activity Monitor
1384531800,1384533616,1816,Activity Monitor
1384539660,1384540292,632,Activity Monitor
1385154916,1385154976,60,Activity Monitor
1385157166,1385158171,1005,Activity Monitor
1385287077,1385287127,50,Activity Monitor
1385817815,1385817840,25,Activity Monitor
1385990018,1385990088,70,Activity Monitor
1386960587,1386960600,13,Activity Monitor
1387052327,1387052340,13,Activity Monitor
1387114456,1387114473,17,Activity Monitor
1387209877,1387209960,83,Activity Monitor
1387301536,1387301552,16,Activity Monitor
1387553940,1387554120,180,Activity Monitor
1387881992,1387882216,224,Activity Monitor
1387972876,1387972904,28,Activity Monitor
1388147836,1388147912,76,Activity Monitor
1388148961,1388148961,0,Activity Monitor
1388155433,1388155490,57,Activity Monitor
1388321340,1388321373,33,Activity Monitor
1388334180,1388334196,16,Activity Monitor
1388339207,1388339252,45,Activity Monitor
1388343360,1388343840,480,Activity Monitor
1388435356,1388435460,104,Activity Monitor
1388529223,1388529240,17,Activity Monitor
1379205391,1379205407,16,Finder
1379236426,1379239036,2610,Finder
1379362500,1379362620,120,Finder
1379444536,1379444716,180,Finder
1379526736,1379527440,704,Finder
1379611501,1379611532,31,Finder
1379706540,1379708011,1471,Finder
1379849175,1379851096,1921,Finder
1379854367,1379855431,1064,Finder
1379856931,1379856947,16,Finder
1379858776,1379860728,1952,Finder
1379871915,1379872666,751,Finder
1379960686,1379960700,14,Finder
1380048480,1380048496,16,Finder
1380131072,1380131131,59,Finder
1380139935,1380139950,15,Finder
1380144691,1380144735,44,Finder
1380377760,1380377880,120,Finder
1380457006,1380457800,794,Finder
1380575446,1380578235,2789,Finder
1380875146,1380875386,240,Finder
1380988366,1380988620,254,Finder
1381091626,1381091686,60,Finder
1381161240,1381161390,150,Finder
1381174440,1381174906,466,Finder
1381673820,1381674256,436,Finder
1381685400,1381685400,0,Finder
1381752991,1381753111,120,Finder
1381867246,1381868055,809,Finder
1381916447,1381916460,13,Finder
1381940895,1381941016,121,Finder
1382019900,1382020140,240,Finder
1382352840,1382352858,18,Finder
1382360160,1382360191,31,Finder
1382361931,1382362155,224,Finder
1382451693,1382451786,93,Finder
1382487300,1382487331,31,Finder
1382689381,1382689440,59,Finder
1382796121,1382796330,209,Finder
1382821725,1382821788,63,Finder
1382824247,1382824846,599,Finder
1383208936,1383210120,1184,Finder
1383851896,1383852468,572,Finder
1384540247,1384540260,13,Finder
1384704376,1384704408,32,Finder
1385153492,1385153520,28,Finder
1385156447,1385156945,498,Finder
1385158080,1385158140,60,Finder
1385286780,1385287592,812,Finder
1386162647,1386163276,629,Finder
1386869400,1386869416,16,Finder
1387024620,1387024680,60,Finder
1387400822,1387400862,40,Finder
1387544029,1387544508,479,Finder
1388332036,1388332096,60,Finder
1388435476,1388435529,53,Finder
1388521696,1388521713,17,Finder
1379176410,1379179007,2597,Google Chrome
1379180100,1379180131,31,Google Chrome
1379187180,1379191980,4800,Google Chrome
1379194020,1379194481,461,Google Chrome
1379195700,1379203200,7500,Google Chrome
1379203200,1379207152,3952,Google Chrome
1379229480,1379230680,1200,Google Chrome
1379232985,1379233167,182,Google Chrome
1379235180,1379238991,3811,Google Chrome
1379240771,1379248755,7984,Google Chrome
1379254947,1379255068,121,Google Chrome
1379262003,1379262895,892,Google Chrome
1379266680,1379269468,2788,Google Chrome
1379270866,1379273909,3043,Google Chrome
1379277669,1379277903,234,Google Chrome
1379281016,1379281388,372,Google Chrome
1379282658,1379283030,372,Google Chrome
1379312202,1379312346,144,Google Chrome
1379313660,1379313746,86,Google Chrome
1379346949,1379348840,1891,Google Chrome
1379359416,1379371021,11605,Google Chrome
1379398609,1379398771,162,Google Chrome
1379402379,1379402471,92,Google Chrome
1379436135,1379436451,316,Google Chrome
1379438106,1379444791,6685,Google Chrome
1379448957,1379454267,5310,Google Chrome
1379455431,1379455726,295,Google Chrome
1379484531,1379484692,161,Google Chrome
1379485850,1379485954,104,Google Chrome
1379506995,1379510070,3075,Google Chrome
1379524171,1379529973,5802,Google Chrome
1379535201,1379539798,4597,Google Chrome
1379541480,1379541766,286,Google Chrome
1379573785,1379574115,330,Google Chrome
1379575200,1379575313,113,Google Chrome
1379578560,1379580309,1749,Google Chrome
1379605879,1379611427,5548,Google Chrome
1379612535,1379612633,98,Google Chrome
1379615880,1379617006,1126,Google Chrome
1379619180,1379624356,5176,Google Chrome
1379658262,1379658451,189,Google Chrome
1379662700,1379664676,1976,Google Chrome
1379667891,1379670281,2390,Google Chrome
1379683603,1379683996,393,Google Chrome
1379685637,1379685780,143,Google Chrome
1379699009,1379700480,1471,Google Chrome
1379703937,1379708175,4238,Google Chrome
1379710249,1379710477,228,Google Chrome
1379711919,1379711980,61,Google Chrome
1379714836,1379714964,128,Google Chrome
1379716646,1379717446,800,Google Chrome
1379752200,1379753036,836,Google Chrome
1379757960,1379759431,1471,Google Chrome
1379761620,1379766106,4486,Google Chrome
1379767448,1379768070,622,Google Chrome
1379770743,1379773703,2960,Google Chrome
1379806715,1379807235,520,Google Chrome
1379840545,1379840687,142,Google Chrome
1379843820,1379846616,2796,Google Chrome
1379848347,1379849191,844,Google Chrome
1379850331,1379851726,1395,Google Chrome
1379853138,1379854171,1033,Google Chrome
1379857380,1379860790,3410,Google Chrome
1379871815,1379875823,4008,Google Chrome
1379880223,1379882594,2371,Google Chrome
1379885744,1379886466,722,Google Chrome
1379887560,1379887876,316,Google Chrome
1379917009,1379917127,118,Google Chrome
1379925780,1379926095,315,Google Chrome
1379951121,1379952331,1210,Google Chrome
1379957233,1379965276,8043,Google Chrome
1379968688,1379969600,912,Google Chrome
1379973401,1379973749,348,Google Chrome
1380003422,1380003586,164,Google Chrome
1380006839,1380007355,516,Google Chrome
1380036363,1380040246,3883,Google Chrome
1380042671,1380057511,14840,Google Chrome
1380058820,1380059026,206,Google Chrome
1380060197,1380061187,990,Google Chrome
1380089820,1380089987,167,Google Chrome
1380124725,1380132117,7392,Google Chrome
1380135300,1380140206,4906,Google Chrome
1380141540,1380141706,166,Google Chrome
1380143470,1380143956,486,Google Chrome
1380145247,1380147571,2324,Google Chrome
1380176210,1380176895,685,Google Chrome
1380181469,1380184515,3046,Google Chrome
1380214924,1380216602,1678,Google Chrome
1380224079,1380227400,3321,Google Chrome
1380228630,1380232517,3887,Google Chrome
1380235427,1380235442,15,Google Chrome
1380268297,1380268429,132,Google Chrome
1380269609,1380269716,107,Google Chrome
1380271227,1380272220,993,Google Chrome
1380273906,1380274139,233,Google Chrome
1380275460,1380275812,352,Google Chrome
1380289680,1380303401,13721,Google Chrome
1380307854,1380314516,6662,Google Chrome
1380318000,1380318496,496,Google Chrome
1380319499,1380319951,452,Google Chrome
1380321782,1380326260,4478,Google Chrome
1380357624,1380360360,2736,Google Chrome
1380362843,1380363597,754,Google Chrome
1380365460,1380378364,12904,Google Chrome
1380396445,1380399167,2722,Google Chrome
1380400331,1380400394,63,Google Chrome
1380401995,1380402157,162,Google Chrome
1380403732,1380404565,833,Google Chrome
1380408762,1380412800,4038,Google Chrome
1380412800,1380414960,2160,Google Chrome
1380446690,1380447922,1232,Google Chrome
1380452564,1380458282,5718,Google Chrome
1380460050,1380460545,495,Google Chrome
1380463470,1380463559,89,Google Chrome
1380467640,1380468364,724,Google Chrome
1380474868,1380476180,1312,Google Chrome
1380478997,1380479405,408,Google Chrome
1380481440,1380481602,162,Google Chrome
1380483233,1380484859,1626,Google Chrome
1380488040,1380488571,531,Google Chrome
1380490081,1380490672,591,Google Chrome
1380494100,1380494760,660,Google Chrome
1380522080,1380522151,71,Google Chrome
1380555995,1380557131,1136,Google Chrome
1380561917,1380565206,3289,Google Chrome
1380569627,1380570315,688,Google Chrome
1380572203,1380572597,394,Google Chrome
1380574077,1380578658,4581,Google Chrome
1380607724,1380607866,142,Google Chrome
1380608901,1380608963,62,Google Chrome
1380611823,1380611936,113,Google Chrome
1380646560,1380647927,1367,Google Chrome
1380657273,1380657525,252,Google Chrome
1380660366,1380660788,422,Google Chrome
1380662318,1380665417,3099,Google Chrome
1380695460,1380695614,154,Google Chrome
1380696656,1380696753,97,Google Chrome
1380715406,1380717180,1774,Google Chrome
1380718500,1380719917,1417,Google Chrome
1380733952,1380744813,10861,Google Chrome
1380747127,1380755801,8674,Google Chrome
1380788442,1380791390,2948,Google Chrome
1380796740,1380797686,946,Google Chrome
1380801720,1380803686,1966,Google Chrome
1380824075,1380824372,297,Google Chrome
1380828291,1380828974,683,Google Chrome
1380830794,1380831429,635,Google Chrome
1380833647,1380834214,567,Google Chrome
1380835891,1380835991,100,Google Chrome
1380867881,1380868471,590,Google Chrome
1380874894,1380877099,2205,Google Chrome
1380880059,1380880230,171,Google Chrome
1380890839,1380891137,298,Google Chrome
1380904427,1380906946,2519,Google Chrome
1380908523,1380913134,4611,Google Chrome
1380914161,1380914387,226,Google Chrome
1380916920,1380917940,1020,Google Chrome
1380920340,1380920856,516,Google Chrome
1380922497,1380922672,175,Google Chrome
1380925440,1380925660,220,Google Chrome
1380963377,1380963555,178,Google Chrome
1380964756,1380971890,7134,Google Chrome
1380980665,1380980915,250,Google Chrome
1380983946,1380984524,578,Google Chrome
1380987437,1380996986,9549,Google Chrome
1381000747,1381005029,4282,Google Chrome
1381008136,1381008625,489,Google Chrome
1381011269,1381011611,342,Google Chrome
1381014299,1381014787,488,Google Chrome
1381048318,1381050277,1959,Google Chrome
1381054713,1381055415,702,Google Chrome
1381058870,1381067671,8801,Google Chrome
1381068796,1381071741,2945,Google Chrome
1381073310,1381075111,1801,Google Chrome
1381077623,1381077879,256,Google Chrome
1381083186,1381091776,8590,Google Chrome
1381094610,1381095346,736,Google Chrome
1381126117,1381127523,1406,Google Chrome
1381160817,1381161579,762,Google Chrome
1381167737,1381176343,8606,Google Chrome
1381177492,1381177557,65,Google Chrome
1381183021,1381183578,557,Google Chrome
1381215408,1381215871,463,Google Chrome
1381216911,1381217044,133,Google Chrome
1381218084,1381218764,680,Google Chrome
1381222620,1381226016,3396,Google Chrome
1381250605,1381251450,845,Google Chrome
1381252851,1381257675,4824,Google Chrome
1381259814,1381263389,3575,Google Chrome
1381265211,1381267028,1817,Google Chrome
1381270164,1381270607,443,Google Chrome
1381298926,1381299166,240,Google Chrome
1381300282,1381301124,842,Google Chrome
1381302620,1381302871,251,Google Chrome
1381315980,1381319027,3047,Google Chrome
1381321560,1381327440,5880,Google Chrome
1381328775,1381334460,5685,Google Chrome
1381335780,1381340806,5026,Google Chrome
1381347377,1381349460,2083,Google Chrome
1381353410,1381354360,950,Google Chrome
1381385338,1381385444,106,Google Chrome
1381388652,1381389034,382,Google Chrome
1381391462,1381392020,558,Google Chrome
1381393846,1381394791,945,Google Chrome
1381419165,1381420048,883,Google Chrome
1381422562,1381423001,439,Google Chrome
1381424677,1381427476,2799,Google Chrome
1381431685,1381437089,5404,Google Chrome
1381441985,1381442144,159,Google Chrome
1381474198,1381474373,175,Google Chrome
1381480080,1381483008,2928,Google Chrome
1381484605,1381485842,1237,Google Chrome
1381499941,1381501140,1199,Google Chrome
1381502267,1381503660,1393,Google Chrome
1381505670,1381509288,3618,Google Chrome
1381511940,1381518582,6642,Google Chrome
1381522399,1381522546,147,Google Chrome
1381524000,1381524211,211,Google Chrome
1381525526,1381528380,2854,Google Chrome
1381531680,1381531771,91,Google Chrome
1381565517,1381566450,933,Google Chrome
1381569969,1381570174,205,Google Chrome
1381573704,1381574792,1088,Google Chrome
1381576500,1381577475,975,Google Chrome
1381578931,1381580257,1326,Google Chrome
1381581597,1381585359,3762,Google Chrome
1381607243,1381608840,1597,Google Chrome
1381610998,1381611451,453,Google Chrome
1381612939,1381613491,552,Google Chrome
1381616648,1381616980,332,Google Chrome
1381618584,1381619686,1102,Google Chrome
1381654969,1381656331,1362,Google Chrome
1381664304,1381666261,1957,Google Chrome
1381670895,1381676640,5745,Google Chrome
1381682861,1381692916,10055,Google Chrome
1381695808,1381695840,32,Google Chrome
1381699552,1381700040,488,Google Chrome
1381701216,1381701420,204,Google Chrome
1381731398,1381731431,33,Google Chrome
1381734600,1381734615,15,Google Chrome
1381752448,1381754086,1638,Google Chrome
1381758120,1381758376,256,Google Chrome
1381765241,1381777111,11870,Google Chrome
1381779166,1381782000,2834,Google Chrome
1381784010,1381784056,46,Google Chrome
1381787951,1381788420,469,Google Chrome
1381817675,1381817791,116,Google Chrome
1381838400,1381840306,1906,Google Chrome
1381843860,1381844355,495,Google Chrome
1381855694,1381857676,1982,Google Chrome
1381864473,1381867891,3418,Google Chrome
1381870710,1381870786,76,Google Chrome
1381873740,1381875766,2026,Google Chrome
1381908987,1381909650,663,Google Chrome
1381911736,1381912066,330,Google Chrome
1381915099,1381921531,6432,Google Chrome
1381926999,1381927863,864,Google Chrome
1381938000,1381946971,8971,Google Chrome
1381949955,1381955055,5100,Google Chrome
1381956835,1381957995,1160,Google Chrome
1381960306,1381960323,17,Google Chrome
1381962000,1381962480,480,Google Chrome
1381992511,1381992975,464,Google Chrome
1381998741,1382000056,1315,Google Chrome
1382009805,1382010180,375,Google Chrome
1382016934,1382020257,3323,Google Chrome
1382029306,1382029395,89,Google Chrome
1382033743,1382036415,2672,Google Chrome
1382039322,1382044843,5521,Google Chrome
1382047339,1382048191,852,Google Chrome
1382077464,1382077920,456,Google Chrome
1382083572,1382088315,4743,Google Chrome
1382107454,1382109136,1682,Google Chrome
1382116961,1382118180,1219,Google Chrome
1382120729,1382122126,1397,Google Chrome
1382124826,1382125771,945,Google Chrome
1382127435,1382130360,2925,Google Chrome
1382131426,1382132760,1334,Google Chrome
1382135584,1382135687,103,Google Chrome
1382170174,1382171217,1043,Google Chrome
1382174040,1382174202,162,Google Chrome
1382176164,1382176455,291,Google Chrome
1382179316,1382183340,4024,Google Chrome
1382185360,1382185600,240,Google Chrome
1382187590,1382197786,10196,Google Chrome
1382204649,1382206171,1522,Google Chrome
1382209425,1382212738,3313,Google Chrome
1382214720,1382215217,497,Google Chrome
1382219083,1382219520,437,Google Chrome
1382220780,1382221436,656,Google Chrome
1382225940,1382226076,136,Google Chrome
1382257380,1382258355,975,Google Chrome
1382259810,1382261073,1263,Google Chrome
1382267391,1382268136,745,Google Chrome
1382270797,1382279446,8649,Google Chrome
1382281825,1382281951,126,Google Chrome
1382293952,1382296210,2258,Google Chrome
1382299019,1382302200,3181,Google Chrome
1382303983,1382304600,617,Google Chrome
1382306128,1382306161,33,Google Chrome
1382313421,1382313600,179,Google Chrome
1382313600,1382313856,256,Google Chrome
1382342592,1382344606,2014,Google Chrome
1382348700,1382353951,5251,Google Chrome
1382359097,1382370180,11083,Google Chrome
1382372700,1382372806,106,Google Chrome
1382374620,1382379586,4966,Google Chrome
1382385511,1382385811,300,Google Chrome
1382391780,1382391960,180,Google Chrome
1382394749,1382395954,1205,Google Chrome
1382429268,1382432340,3072,Google Chrome
1382434568,1382442406,7838,Google Chrome
1382448495,1382450731,2236,Google Chrome
1382451804,1382451900,96,Google Chrome
1382459680,1382459955,275,Google Chrome
1382466881,1382467260,379,Google Chrome
1382470000,1382470140,140,Google Chrome
1382471949,1382474566,2617,Google Chrome
1382478026,1382478271,245,Google Chrome
1382479320,1382479861,541,Google Chrome
1382481381,1382481436,55,Google Chrome
1382483008,1382483280,272,Google Chrome
1382485440,1382486400,960,Google Chrome
1382486400,1382487450,1050,Google Chrome
1382514967,1382520256,5289,Google Chrome
1382523632,1382523694,62,Google Chrome
1382525655,1382535556,9901,Google Chrome
1382537116,1382537176,60,Google Chrome
1382539459,1382540100,641,Google Chrome
1382542172,1382542205,33,Google Chrome
1382549520,1382550615,1095,Google Chrome
1382554239,1382554711,472,Google Chrome
1382556414,1382557291,877,Google Chrome
1382561306,1382562586,1280,Google Chrome
1382565061,1382565420,359,Google Chrome
1382566727,1382566951,224,Google Chrome
1382598034,1382598255,221,Google Chrome
1382599500,1382599516,16,Google Chrome
1382603400,1382603491,91,Google Chrome
1382606846,1382609655,2809,Google Chrome
1382689459,1382691600,2141,Google Chrome
1382696160,1382697480,1320,Google Chrome
1382719310,1382725787,6477,Google Chrome
1382729520,1382729867,347,Google Chrome
1382733481,1382737051,3570,Google Chrome
1382740092,1382741520,1428,Google Chrome
1382778857,1382780926,2069,Google Chrome
1382782200,1382782351,151,Google Chrome
1382795569,1382795776,207,Google Chrome
1382816296,1382816538,242,Google Chrome
1382821941,1382823768,1827,Google Chrome
1382825055,1382827411,2356,Google Chrome
1382862003,1382865660,3657,Google Chrome
1382867501,1382867671,170,Google Chrome
1382872884,1382872920,36,Google Chrome
1382883381,1382884600,1219,Google Chrome
1382906459,1382912466,6007,Google Chrome
1382913842,1382914052,210,Google Chrome
1382920355,1382920411,56,Google Chrome
1382926851,1382926901,50,Google Chrome
1382933347,1382933438,91,Google Chrome
1382939857,1382939932,75,Google Chrome
1382946353,1382946428,75,Google Chrome
1382951692,1382951814,122,Google Chrome
1382954012,1382954088,76,Google Chrome
1382996039,1383000344,4305,Google Chrome
1383034136,1383034340,204,Google Chrome
1383043067,1383043153,86,Google Chrome
1383069536,1383073193,3657,Google Chrome
1383074441,1383075044,603,Google Chrome
1383078273,1383080851,2578,Google Chrome
1383082416,1383082971,555,Google Chrome
1383084164,1383084628,464,Google Chrome
1383086492,1383086849,357,Google Chrome
1383087944,1383088184,240,Google Chrome
1383091747,1383091828,81,Google Chrome
1383095400,1383095490,90,Google Chrome
1383099070,1383099152,82,Google Chrome
1383102732,1383102814,82,Google Chrome
1383106396,1383106476,80,Google Chrome
1383110056,1383110138,82,Google Chrome
1383113719,1383113800,81,Google Chrome
1383117381,1383117462,81,Google Chrome
1383121044,1383122584,1540,Google Chrome
1383125792,1383127511,1719,Google Chrome
1383152147,1383153879,1732,Google Chrome
1383157696,1383158112,416,Google Chrome
1383163288,1383163547,259,Google Chrome
1383164658,1383166402,1744,Google Chrome
1383168807,1383169307,500,Google Chrome
1383170696,1383171234,538,Google Chrome
1383172733,1383173046,313,Google Chrome
1383207133,1383210268,3135,Google Chrome
1383214359,1383215080,721,Google Chrome
1383218246,1383219612,1366,Google Chrome
1383226072,1383226144,72,Google Chrome
1383229802,1383230508,706,Google Chrome
1383236051,1383240966,4915,Google Chrome
1383248133,1383250448,2315,Google Chrome
1383252078,1383252545,467,Google Chrome
1383254441,1383254935,494,Google Chrome
1383256594,1383256996,402,Google Chrome
1383258018,1383258460,442,Google Chrome
1383260668,1383260874,206,Google Chrome
1383299398,1383300739,1341,Google Chrome
1383303641,1383303767,126,Google Chrome
1383306471,1383312316,5845,Google Chrome
1383318127,1383318795,668,Google Chrome
1383328536,1383331028,2492,Google Chrome
1383333600,1383333971,371,Google Chrome
1383336000,1383336293,293,Google Chrome
1383339262,1383339810,548,Google Chrome
1383342334,1383342515,181,Google Chrome
1383346112,1383346531,419,Google Chrome
1383348060,1383349922,1862,Google Chrome
1383376257,1383376395,138,Google Chrome
1383380940,1383381365,425,Google Chrome
1383384296,1383384381,85,Google Chrome
1383387189,1383392709,5520,Google Chrome
1383395426,1383395503,77,Google Chrome
1383396975,1383397425,450,Google Chrome
1383398537,1383401493,2956,Google Chrome
1383403382,1383403630,248,Google Chrome
1383406659,1383406932,273,Google Chrome
1383410678,1383411032,354,Google Chrome
1383413950,1383414426,476,Google Chrome
1383419862,1383422617,2755,Google Chrome
1383423782,1383424035,253,Google Chrome
1383425182,1383425479,297,Google Chrome
1383427461,1383428098,637,Google Chrome
1383429267,1383429811,544,Google Chrome
1383430835,1383431060,225,Google Chrome
1383432986,1383433591,605,Google Chrome
1383469308,1383472377,3069,Google Chrome
1383474359,1383478736,4377,Google Chrome
1383483499,1383483824,325,Google Chrome
1383487155,1383487401,246,Google Chrome
1383491794,1383492256,462,Google Chrome
1383497516,1383497810,294,Google Chrome
1383499596,1383500059,463,Google Chrome
1383503065,1383503519,454,Google Chrome
1383504759,1383504991,232,Google Chrome
1383507441,1383507803,362,Google Chrome
1383513920,1383514321,401,Google Chrome
1383515880,1383516320,440,Google Chrome
1383544857,1383545006,149,Google Chrome
1383578982,1383579775,793,Google Chrome
1383581150,1383587330,6180,Google Chrome
1383590160,1383590375,215,Google Chrome
1383592884,1383593435,551,Google Chrome
1383597000,1383597085,85,Google Chrome
1383601277,1383603027,1750,Google Chrome
1383609480,1383609555,75,Google Chrome
1383616014,1383616090,76,Google Chrome
1383622548,1383622623,75,Google Chrome
1383629080,1383629157,77,Google Chrome
1383631724,1383633135,1411,Google Chrome
1383671658,1383675061,3403,Google Chrome
1383679306,1383679499,193,Google Chrome
1383681716,1383687762,6046,Google Chrome
1383721271,1383721367,96,Google Chrome
1383725598,1383727094,1496,Google Chrome
1383751786,1383752300,514,Google Chrome
1383754010,1383761791,7781,Google Chrome
1383763778,1383764956,1178,Google Chrome
1383768060,1383768436,376,Google Chrome
1383769964,1383770148,184,Google Chrome
1383772271,1383772350,79,Google Chrome
1383774483,1383774948,465,Google Chrome
1383775951,1383776313,362,Google Chrome
1383807661,1383808010,349,Google Chrome
1383842812,1383843180,368,Google Chrome
1383844513,1383862741,18228,Google Chrome
1383864575,1383865697,1122,Google Chrome
1383894945,1383895265,320,Google Chrome
1383901192,1383901483,291,Google Chrome
1383902837,1383905093,2256,Google Chrome
1383911547,1383911622,75,Google Chrome
1383912688,1383912805,117,Google Chrome
1383919256,1383919335,79,Google Chrome
1383925791,1383925869,78,Google Chrome
1383932325,1383932403,78,Google Chrome
1383938860,1383938938,78,Google Chrome
1383940620,1383941769,1149,Google Chrome
1383944014,1383947027,3013,Google Chrome
1383950056,1383955200,5144,Google Chrome
1383955200,1383956145,945,Google Chrome
1383990875,1383994801,3926,Google Chrome
1383999559,1384001842,2283,Google Chrome
1384004991,1384005036,45,Google Chrome
1384010760,1384011380,620,Google Chrome
1384017841,1384017910,69,Google Chrome
1384024377,1384024451,74,Google Chrome
1384025665,1384028342,2677,Google Chrome
1384029959,1384030401,442,Google Chrome
1384033850,1384034088,238,Google Chrome
1384036414,1384040544,4130,Google Chrome
1384074018,1384075847,1829,Google Chrome
1384077554,1384080051,2497,Google Chrome
1384092631,1384092837,206,Google Chrome
1384094578,1384095552,974,Google Chrome
1384102013,1384102083,70,Google Chrome
1384108547,1384110065,1518,Google Chrome
1384113294,1384113359,65,Google Chrome
1384117200,1384117476,276,Google Chrome
1384118969,1384119378,409,Google Chrome
1384120974,1384121577,603,Google Chrome
1384123496,1384123760,264,Google Chrome
1384124954,1384125180,226,Google Chrome
1384150433,1384150623,190,Google Chrome
1384184210,1384185857,1647,Google Chrome
1384189251,1384190412,1161,Google Chrome
1384192980,1384193233,253,Google Chrome
1384205928,1384206068,140,Google Chrome
1384236532,1384236616,84,Google Chrome
1384273721,1384276228,2507,Google Chrome
1384277385,1384282140,4755,Google Chrome
1384286057,1384286223,166,Google Chrome
1384289160,1384290184,1024,Google Chrome
1384292871,1384294378,1507,Google Chrome
1384323404,1384323478,74,Google Chrome
1384327380,1384327451,71,Google Chrome
1384357735,1384363419,5684,Google Chrome
1384366332,1384367024,692,Google Chrome
1384379782,1384380032,250,Google Chrome
1384411726,1384411879,153,Google Chrome
1384416616,1384417198,582,Google Chrome
1384423659,1384423727,68,Google Chrome
1384430191,1384430261,70,Google Chrome
1384436726,1384436796,70,Google Chrome
1384443260,1384443335,75,Google Chrome
1384449319,1384451507,2188,Google Chrome
1384454910,1384456080,1170,Google Chrome
1384459277,1384461725,2448,Google Chrome
1384464297,1384468078,3781,Google Chrome
1384470717,1384471018,301,Google Chrome
1384499501,1384500193,692,Google Chrome
1384504980,1384506542,1562,Google Chrome
1384522118,1384523181,1063,Google Chrome
1384524255,1384527697,3442,Google Chrome
1384529027,1384540938,11911,Google Chrome
1384543271,1384543442,171,Google Chrome
1384548792,1384549007,215,Google Chrome
1384550296,1384550872,576,Google Chrome
1384552221,1384552630,409,Google Chrome
1384554034,1384555704,1670,Google Chrome
1384589441,1384590473,1032,Google Chrome
1384596116,1384596254,138,Google Chrome
1384600636,1384605797,5161,Google Chrome
1384610785,1384612924,2139,Google Chrome
1384619385,1384619464,79,Google Chrome
1384625924,1384625998,74,Google Chrome
1384632459,1384632536,77,Google Chrome
1384635284,1384635838,554,Google Chrome
1384641633,1384642179,546,Google Chrome
1384677623,1384679957,2334,Google Chrome
1384682728,1384683450,722,Google Chrome
1384691151,1384691613,462,Google Chrome
1384693068,1384693260,192,Google Chrome
1384694490,1384694893,403,Google Chrome
1384699177,1384699681,504,Google Chrome
1384700709,1384705505,4796,Google Chrome
1384714294,1384714450,156,Google Chrome
1384716960,1384717343,383,Google Chrome
1384724177,1384724725,548,Google Chrome
1384726168,1384726427,259,Google Chrome
1384727529,1384727653,124,Google Chrome
1384734109,1384734184,75,Google Chrome
1384740642,1384740715,73,Google Chrome
1384747176,1384747249,73,Google Chrome
1384753708,1384754593,885,Google Chrome
1384759134,1384759313,179,Google Chrome
1384796460,1384802889,6429,Google Chrome
1384806474,1384807860,1386,Google Chrome
1384810972,1384811040,68,Google Chrome
1384812144,1384812865,721,Google Chrome
1384842354,1384843100,746,Google Chrome
1384844638,1384844776,138,Google Chrome
1384848300,1384848363,63,Google Chrome
1384849368,1384851541,2173,Google Chrome
1384853030,1384853206,176,Google Chrome
1384859664,1384859735,71,Google Chrome
1384866197,1384866270,73,Google Chrome
1384872732,1384872804,72,Google Chrome
1384879266,1384879338,72,Google Chrome
1384880945,1384885027,4082,Google Chrome
1384887478,1384888922,1444,Google Chrome
1384890636,1384891223,587,Google Chrome
1384892314,1384895237,2923,Google Chrome
1384897301,1384897487,186,Google Chrome
1384898717,1384899019,302,Google Chrome
1384927732,1384927860,128,Google Chrome
1384928990,1384929112,122,Google Chrome
1384931340,1384931554,214,Google Chrome
1384964777,1384965361,584,Google Chrome
1384967418,1384972506,5088,Google Chrome
1384974867,1384975128,261,Google Chrome
1384977427,1384977855,428,Google Chrome
1384981488,1384983148,1660,Google Chrome
1384985248,1384985585,337,Google Chrome
1385015562,1385015700,138,Google Chrome
1385022001,1385023339,1338,Google Chrome
1385054100,1385054192,92,Google Chrome
1385059865,1385060966,1101,Google Chrome
1385065603,1385065653,50,Google Chrome
1385070337,1385070498,161,Google Chrome
1385072895,1385072991,96,Google Chrome
1385102226,1385102474,248,Google Chrome
1385112425,1385113596,1171,Google Chrome
1385126545,1385127496,951,Google Chrome
1385133950,1385134035,85,Google Chrome
1385137613,1385137694,81,Google Chrome
1385138976,1385139451,475,Google Chrome
1385143288,1385148627,5339,Google Chrome
1385152931,1385158848,5917,Google Chrome
1385161620,1385161696,76,Google Chrome
1385193811,1385193916,105,Google Chrome
1385195132,1385196480,1348,Google Chrome
1385202933,1385203010,77,Google Chrome
1385209466,1385209550,84,Google Chrome
1385213127,1385213206,79,Google Chrome
1385219663,1385219749,86,Google Chrome
1385223326,1385223406,80,Google Chrome
1385225686,1385226017,331,Google Chrome
1385230960,1385231444,484,Google Chrome
1385234168,1385234536,368,Google Chrome
1385236469,1385236907,438,Google Chrome
1385239493,1385240868,1375,Google Chrome
1385242912,1385243521,609,Google Chrome
1385244617,1385245090,473,Google Chrome
1385247158,1385247360,202,Google Chrome
1385281594,1385282449,855,Google Chrome
1385286751,1385290006,3255,Google Chrome
1385292810,1385293711,901,Google Chrome
1385308523,1385308696,173,Google Chrome
1385317487,1385320575,3088,Google Chrome
1385322360,1385326831,4471,Google Chrome
1385330257,1385332127,1870,Google Chrome
1385363941,1385364076,135,Google Chrome
1385385311,1385386935,1624,Google Chrome
1385388129,1385388960,831,Google Chrome
1385391544,1385391691,147,Google Chrome
1385398361,1385400991,2630,Google Chrome
1385416875,1385418316,1441,Google Chrome
1385449258,1385450447,1189,Google Chrome
1385483941,1385485696,1755,Google Chrome
1385487370,1385487840,470,Google Chrome
1385494330,1385494395,65,Google Chrome
1385498010,1385499226,1216,Google Chrome
1385501760,1385502151,391,Google Chrome
1385504575,1385505452,877,Google Chrome
1385571537,1385572156,619,Google Chrome
1385573189,1385573568,379,Google Chrome
1385582820,1385587276,4456,Google Chrome
1385591634,1385591880,246,Google Chrome
1385622645,1385622856,211,Google Chrome
1385625328,1385627816,2488,Google Chrome
1385634300,1385634331,31,Google Chrome
1385640822,1385640871,49,Google Chrome
1385647357,1385647412,55,Google Chrome
1385653891,1385653936,45,Google Chrome
1385658631,1385660147,1516,Google Chrome
1385668976,1385672251,3275,Google Chrome
1385676368,1385677892,1524,Google Chrome
1385684374,1385684431,57,Google Chrome
1385690925,1385690956,31,Google Chrome
1385697443,1385697496,53,Google Chrome
1385703978,1385704020,42,Google Chrome
1385708677,1385708731,54,Google Chrome
1385718751,1385720077,1326,Google Chrome
1385736000,1385736481,481,Google Chrome
1385743687,1385745855,2168,Google Chrome
1385759290,1385759836,546,Google Chrome
1385760872,1385763736,2864,Google Chrome
1385765174,1385765251,77,Google Chrome
1385800302,1385800667,365,Google Chrome
1385810716,1385810732,16,Google Chrome
1385817893,1385818839,946,Google Chrome
1385824114,1385826564,2450,Google Chrome
1385833858,1385837511,3653,Google Chrome
1385896181,1385896712,531,Google Chrome
1385897761,1385900746,2985,Google Chrome
1385926526,1385926576,50,Google Chrome
1385934068,1385934255,187,Google Chrome
1385966204,1385966311,107,Google Chrome
1385968606,1385968980,374,Google Chrome
1385986040,1385987520,1480,Google Chrome
1385988828,1385990428,1600,Google Chrome
1386000597,1386005948,5351,Google Chrome
1386012398,1386012478,80,Google Chrome
1386014640,1386015230,590,Google Chrome
1386017606,1386017640,34,Google Chrome
1386020133,1386021767,1634,Google Chrome
1386053078,1386053267,189,Google Chrome
1386088762,1386088847,85,Google Chrome
1386090864,1386092071,1207,Google Chrome
1386101294,1386104341,3047,Google Chrome
1386106522,1386106636,114,Google Chrome
1386108225,1386108632,407,Google Chrome
1386141668,1386141751,83,Google Chrome
1386158400,1386163372,4972,Google Chrome
1386169832,1386169904,72,Google Chrome
1386176318,1386178390,2072,Google Chrome
1386187540,1386188328,788,Google Chrome
1386192378,1386192527,149,Google Chrome
1386196196,1386196260,64,Google Chrome
1386225009,1386225092,83,Google Chrome
1386229380,1386233026,3646,Google Chrome
1386263430,1386268620,5190,Google Chrome
1386273410,1386273827,417,Google Chrome
1386274962,1386279478,4516,Google Chrome
1386281682,1386281918,236,Google Chrome
1386288376,1386288447,71,Google Chrome
1386294910,1386294981,71,Google Chrome
1386301444,1386301514,70,Google Chrome
1386307978,1386308049,71,Google Chrome
1386312041,1386312407,366,Google Chrome
1386314451,1386315145,694,Google Chrome
1386319017,1386319429,412,Google Chrome
1386320447,1386322013,1566,Google Chrome
1386336290,1386336521,231,Google Chrome
1386338448,1386338856,408,Google Chrome
1386538551,1386539160,609,Google Chrome
1386541235,1386541440,205,Google Chrome
1386572384,1386573993,1609,Google Chrome
1386578071,1386581130,3059,Google Chrome
1386604680,1386610178,5498,Google Chrome
1386616631,1386616705,74,Google Chrome
1386619798,1386619928,130,Google Chrome
1386622289,1386622514,225,Google Chrome
1386625015,1386625323,308,Google Chrome
1386627595,1386628716,1121,Google Chrome
1386662532,1386663222,690,Google Chrome
1386668180,1386669197,1017,Google Chrome
1386681900,1386682755,855,Google Chrome
1386685487,1386686349,862,Google Chrome
1386693975,1386696016,2041,Google Chrome
1386708032,1386708489,457,Google Chrome
1386713158,1386713364,206,Google Chrome
1386746361,1386746772,411,Google Chrome
1386763605,1386767783,4178,Google Chrome
1386774238,1386774312,74,Google Chrome
1386780772,1386783081,2309,Google Chrome
1386792720,1386793169,449,Google Chrome
1386797066,1386798022,956,Google Chrome
1386832620,1386832712,92,Google Chrome
1386862358,1386865351,2993,Google Chrome
1386866507,1386867331,824,Google Chrome
1386868588,1386869703,1115,Google Chrome
1386880295,1386884528,4233,Google Chrome
1386888029,1386888272,243,Google Chrome
1386894729,1386894799,70,Google Chrome
1386901262,1386901332,70,Google Chrome
1386907797,1386907866,69,Google Chrome
1386914330,1386914401,71,Google Chrome
1386919500,1386919788,288,Google Chrome
1386924585,1386924713,128,Google Chrome
1386928271,1386929265,994,Google Chrome
1386945938,1386946554,616,Google Chrome
1386948720,1386949001,281,Google Chrome
1386950717,1386965802,15085,Google Chrome
1386967120,1386967140,20,Google Chrome
1386968221,1386968996,775,Google Chrome
1386973140,1386973729,589,Google Chrome
1386977684,1386977813,129,Google Chrome
1387009140,1387012783,3643,Google Chrome
1387016558,1387017415,857,Google Chrome
1387018968,1387019389,421,Google Chrome
1387021964,1387029520,7556,Google Chrome
1387031042,1387043356,12314,Google Chrome
1387047807,1387048147,340,Google Chrome
1387050955,1387052672,1717,Google Chrome
1387054275,1387054847,572,Google Chrome
1387056225,1387056680,455,Google Chrome
1387057950,1387058456,506,Google Chrome
1387059986,1387060592,606,Google Chrome
1387061783,1387063104,1321,Google Chrome
1387099922,1387099998,76,Google Chrome
1387103249,1387119531,16282,Google Chrome
1387120597,1387120729,132,Google Chrome
1387125411,1387125768,357,Google Chrome
1387129014,1387129645,631,Google Chrome
1387131691,1387131840,149,Google Chrome
1387133284,1387133782,498,Google Chrome
1387136233,1387137679,1446,Google Chrome
1387139424,1387139905,481,Google Chrome
1387142686,1387144855,2169,Google Chrome
1387177557,1387177941,384,Google Chrome
1387208910,1387210133,1223,Google Chrome
1387214452,1387215161,709,Google Chrome
1387221614,1387221690,76,Google Chrome
1387223976,1387224351,375,Google Chrome
1387226740,1387226987,247,Google Chrome
1387229808,1387230049,241,Google Chrome
1387231260,1387231439,179,Google Chrome
1387262200,1387262371,171,Google Chrome
1387299102,1387301625,2523,Google Chrome
1387310859,1387313003,2144,Google Chrome
1387316180,1387316637,457,Google Chrome
1387348401,1387348640,239,Google Chrome
1387350056,1387351158,1102,Google Chrome
1387369364,1387369487,123,Google Chrome
1387385224,1387386256,1032,Google Chrome
1387397030,1387397305,275,Google Chrome
1387398634,1387399124,490,Google Chrome
1387400198,1387401436,1238,Google Chrome
1387407859,1387408561,702,Google Chrome
1387436897,1387437660,763,Google Chrome
1387438715,1387439027,312,Google Chrome
1387442220,1387442507,287,Google Chrome
1387474800,1387479091,4291,Google Chrome
1387483197,1387483412,215,Google Chrome
1387488573,1387488796,223,Google Chrome
1387490020,1387490476,456,Google Chrome
1387494330,1387495112,782,Google Chrome
1387524740,1387524916,176,Google Chrome
1387529426,1387533600,4174,Google Chrome
1387541060,1387545616,4556,Google Chrome
1387546636,1387547851,1215,Google Chrome
1387551123,1387551349,226,Google Chrome
1387553596,1387557120,3524,Google Chrome
1387558296,1387559715,1419,Google Chrome
1387562314,1387565340,3026,Google Chrome
1387572256,1387572556,300,Google Chrome
1387579027,1387579740,713,Google Chrome
1387586218,1387586253,35,Google Chrome
1387592752,1387592856,104,Google Chrome
1387599322,1387599360,38,Google Chrome
1387605854,1387605885,31,Google Chrome
1387612371,1387613194,823,Google Chrome
1387619118,1387621967,2849,Google Chrome
1387628714,1387628956,242,Google Chrome
1387632410,1387632511,101,Google Chrome
1387635875,1387636232,357,Google Chrome
1387637946,1387638120,174,Google Chrome
1387639592,1387644706,5114,Google Chrome
1387651200,1387651265,65,Google Chrome
1387654905,1387655056,151,Google Chrome
1387666899,1387667312,413,Google Chrome
1387699421,1387702320,2899,Google Chrome
1387704932,1387705876,944,Google Chrome
1387717837,1387717920,83,Google Chrome
1387721020,1387721056,36,Google Chrome
1387722898,1387722915,17,Google Chrome
1387727640,1387732907,5267,Google Chrome
1387739385,1387739433,48,Google Chrome
1387740634,1387744021,3387,Google Chrome
1387745947,1387746167,220,Google Chrome
1387749182,1387749481,299,Google Chrome
1387753263,1387753367,104,Google Chrome
1387790650,1387791076,426,Google Chrome
1387794293,1387796131,1838,Google Chrome
1387806689,1387806795,106,Google Chrome
1387811556,1387812767,1211,Google Chrome
1387820502,1387823940,3438,Google Chrome
1387828856,1387829851,995,Google Chrome
1387837484,1387838038,554,Google Chrome
1387840769,1387840982,213,Google Chrome
1387874763,1387874980,217,Google Chrome
1387879384,1387882869,3485,Google Chrome
1387883966,1387884275,309,Google Chrome
1387885381,1387888367,2986,Google Chrome
1387891859,1387892055,196,Google Chrome
1387894160,1387894193,33,Google Chrome
1387901751,1387903471,1720,Google Chrome
1387905268,1387906298,1030,Google Chrome
1387928057,1387928207,150,Google Chrome
1387963320,1387964476,1156,Google Chrome
1387968188,1387976840,8652,Google Chrome
1387978035,1387978050,15,Google Chrome
1387980668,1387980767,99,Google Chrome
1387985023,1387986522,1499,Google Chrome
1387989364,1387997371,8007,Google Chrome
1388001455,1388001720,265,Google Chrome
1388003620,1388006741,3121,Google Chrome
1388011387,1388011906,519,Google Chrome
1388013199,1388013399,200,Google Chrome
1388046342,1388050954,4612,Google Chrome
1388057419,1388061400,3981,Google Chrome
1388063147,1388063189,42,Google Chrome
1388072578,1388072696,118,Google Chrome
1388076145,1388076347,202,Google Chrome
1388082808,1388085227,2419,Google Chrome
1388088044,1388089007,963,Google Chrome
1388093120,1388093447,327,Google Chrome
1388097584,1388098085,501,Google Chrome
1388099470,1388099880,410,Google Chrome
1388101551,1388101620,69,Google Chrome
1388103900,1388106928,3028,Google Chrome
1388134984,1388140902,5918,Google Chrome
1388142627,1388147791,5164,Google Chrome
1388158920,1388165868,6948,Google Chrome
1388167232,1388171090,3858,Google Chrome
1388174601,1388174763,162,Google Chrome
1388177002,1388177507,505,Google Chrome
1388178809,1388179456,647,Google Chrome
1388180724,1388180908,184,Google Chrome
1388182108,1388182351,243,Google Chrome
1388184917,1388185953,1036,Google Chrome
1388221933,1388223997,2064,Google Chrome
1388231592,1388231640,48,Google Chrome
1388234192,1388234252,60,Google Chrome
1388235632,1388235726,94,Google Chrome
1388238563,1388243340,4777,Google Chrome
1388245108,1388245636,528,Google Chrome
1388248560,1388255356,6796,Google Chrome
1388256660,1388257690,1030,Google Chrome
1388259164,1388259645,481,Google Chrome
1388260813,1388260892,79,Google Chrome
1388264400,1388265526,1126,Google Chrome
1388266607,1388268707,2100,Google Chrome
1388270252,1388271047,795,Google Chrome
1388305225,1388306016,791,Google Chrome
1388309390,1388314515,5125,Google Chrome
1388316300,1388318671,2371,Google Chrome
1388320007,1388320066,59,Google Chrome
1388321382,1388321807,425,Google Chrome
1388324473,1388328556,4083,Google Chrome
1388331953,1388337256,5303,Google Chrome
1388338440,1388338727,287,Google Chrome
1388340916,1388341021,105,Google Chrome
1388343496,1388346121,2625,Google Chrome
1388349633,1388357328,7695,Google Chrome
1388358420,1388358519,99,Google Chrome
1388364975,1388365051,76,Google Chrome
1388371510,1388371583,73,Google Chrome
1388378044,1388378116,72,Google Chrome
1388384578,1388384650,72,Google Chrome
1388391111,1388391184,73,Google Chrome
1388396655,1388397178,523,Google Chrome
1388399505,1388400225,720,Google Chrome
1388404860,1388405033,173,Google Chrome
1388412456,1388412827,371,Google Chrome
1388416153,1388416690,537,Google Chrome
1388418960,1388424870,5910,Google Chrome
1388427272,1388427369,97,Google Chrome
1388430201,1388430284,83,Google Chrome
1388432574,1388437396,4822,Google Chrome
1388439527,1388440008,481,Google Chrome
1388441416,1388443756,2340,Google Chrome
1388444987,1388447431,2444,Google Chrome
1388480969,1388482985,2016,Google Chrome
1388484804,1388486022,1218,Google Chrome
1388487117,1388487227,110,Google Chrome
1388488301,1388488393,92,Google Chrome
1388490205,1388495825,5620,Google Chrome
1388497393,1388497446,53,Google Chrome
1388500073,1388512680,12607,Google Chrome
1388517797,1388521171,3374,Google Chrome
1388522400,1388528927,6527,Google Chrome
1388530952,1388531295,343,Google Chrome
1388532347,1388534027,1680,Google Chrome
1379178270,1379178391,121,Sublime Text 2
1379192040,1379192070,30,Sublime Text 2
1379237371,1379237836,465,Sublime Text 2
1379246400,1379246955,555,Sublime Text 2
1379364300,1379369851,5551,Sublime Text 2
1379402395,1379402400,5,Sublime Text 2
1379439946,1379440020,74,Sublime Text 2
1379441460,1379443455,1995,Sublime Text 2
1379451286,1379452727,1441,Sublime Text 2
1379453776,1379454195,419,Sublime Text 2
1379509831,1379509980,149,Sublime Text 2
1379621207,1379622735,1528,Sublime Text 2
1379704635,1379705986,1351,Sublime Text 2
1379707786,1379707935,149,Sublime Text 2
1379961227,1379961496,269,Sublime Text 2
1380047311,1380055635,8324,Sublime Text 2
1380125071,1380125206,135,Sublime Text 2
1380126660,1380126675,15,Sublime Text 2
1380136546,1380136966,420,Sublime Text 2
1380137986,1380141226,3240,Sublime Text 2
1380143487,1380144631,1144,Sublime Text 2
1380225900,1380228615,2715,Sublime Text 2
1380290447,1380299595,9148,Sublime Text 2
1380309991,1380313291,3300,Sublime Text 2
1380319726,1380319830,104,Sublime Text 2
1380363046,1380363271,225,Sublime Text 2
1380366450,1380378091,11641,Sublime Text 2
1380741360,1380742440,1080,Sublime Text 2
1380908538,1380911280,2742,Sublime Text 2
1380989250,1380989656,406,Sublime Text 2
1381066231,1381070371,4140,Sublime Text 2
1381073431,1381075176,1745,Sublime Text 2
1381087860,1381087890,30,Sublime Text 2
1381090636,1381090711,75,Sublime Text 2
1381173804,1381175490,1686,Sublime Text 2
1381321786,1381327215,5429,Sublime Text 2
1381347604,1381348395,791,Sublime Text 2
1381392060,1381393396,1336,Sublime Text 2
1381485180,1381485495,315,Sublime Text 2
1381500720,1381507696,6976,Sublime Text 2
1381516487,1381516575,88,Sublime Text 2
1381527391,1381528351,960,Sublime Text 2
1381582935,1381584735,1800,Sublime Text 2
1381618666,1381619701,1035,Sublime Text 2
1381664340,1381667731,3391,Sublime Text 2
1381670970,1381675000,4030,Sublime Text 2
1381685436,1381692811,7375,Sublime Text 2
1381917360,1381918786,1426,Sublime Text 2
1381920451,1381921456,1005,Sublime Text 2
1381938360,1381938450,90,Sublime Text 2
1381940807,1381940820,13,Sublime Text 2
1381942111,1381947000,4889,Sublime Text 2
1381950561,1381954636,4075,Sublime Text 2
1381956852,1381957440,588,Sublime Text 2
1381999111,1381999186,75,Sublime Text 2
1382017291,1382019331,2040,Sublime Text 2
1382035380,1382036311,931,Sublime Text 2
1382121390,1382121555,165,Sublime Text 2
1382125020,1382127631,2611,Sublime Text 2
1382130420,1382130766,346,Sublime Text 2
1382182591,1382182891,300,Sublime Text 2
1382188171,1382197695,9524,Sublime Text 2
1382272740,1382276236,3496,Sublime Text 2
1382277887,1382279620,1733,Sublime Text 2
1382299491,1382299891,400,Sublime Text 2
1382301120,1382301855,735,Sublime Text 2
1382349424,1382353395,3971,Sublime Text 2
1382360386,1382360596,210,Sublime Text 2
1382362186,1382370571,8385,Sublime Text 2
1382374020,1382374606,586,Sublime Text 2
1382376076,1382379420,3344,Sublime Text 2
1382385060,1382385496,436,Sublime Text 2
1382448360,1382450133,1773,Sublime Text 2
1382471965,1382472120,155,Sublime Text 2
1382487347,1382487391,44,Sublime Text 2
1382526300,1382530680,4380,Sublime Text 2
1382532751,1382532811,60,Sublime Text 2
1382562300,1382562496,196,Sublime Text 2
1382608620,1382610193,1573,Sublime Text 2
1382690551,1382691780,1229,Sublime Text 2
1382719740,1382724676,4936,Sublime Text 2
1382733766,1382736316,2550,Sublime Text 2
1382779935,1382780746,811,Sublime Text 2
1382822492,1382823288,796,Sublime Text 2
1382824320,1382824336,16,Sublime Text 2
1382825447,1382827547,2100,Sublime Text 2
1382863789,1382863801,12,Sublime Text 2
1382866463,1382867851,1388,Sublime Text 2
1383078360,1383080355,1995,Sublime Text 2
1383086453,1383086520,67,Sublime Text 2
1383330047,1383330811,764,Sublime Text 2
1383389252,1383391620,2368,Sublime Text 2
1383854836,1383859456,4620,Sublime Text 2
1383944716,1383944896,180,Sublime Text 2
1383950520,1383951015,495,Sublime Text 2
1384078847,1384079192,345,Sublime Text 2
1384121476,1384121492,16,Sublime Text 2
1384455887,1384456156,269,Sublime Text 2
1384526100,1384527496,1396,Sublime Text 2
1384528726,1384540575,11849,Sublime Text 2
1384542322,1384542452,130,Sublime Text 2
1384601416,1384602375,959,Sublime Text 2
1384611228,1384612187,959,Sublime Text 2
1384799087,1384799492,405,Sublime Text 2
1384800975,1384802731,1756,Sublime Text 2
1384807427,1384807994,567,Sublime Text 2
1384810843,1384811085,242,Sublime Text 2
1385672087,1385672175,88,Sublime Text 2
1385760107,1385761020,913,Sublime Text 2
1385810400,1385815260,4860,Sublime Text 2
1385817780,1385818320,540,Sublime Text 2
1385824920,1385826496,1576,Sublime Text 2
1385896247,1385898451,2204,Sublime Text 2
1385899591,1385901707,2116,Sublime Text 2
1386002520,1386002567,47,Sublime Text 2
1386605791,1386606540,749,Sublime Text 2
1386608056,1386609391,1335,Sublime Text 2
1386865847,1386867300,1453,Sublime Text 2
1386955907,1386965520,9613,Sublime Text 2
1387022792,1387023120,328,Sublime Text 2
1387024800,1387026272,1472,Sublime Text 2
1387051380,1387052071,691,Sublime Text 2
1387054185,1387054727,542,Sublime Text 2
1387058040,1387058221,181,Sublime Text 2
1387061927,1387062195,268,Sublime Text 2
1387103987,1387107828,3841,Sublime Text 2
1387108935,1387115507,6572,Sublime Text 2
1387478640,1387479016,376,Sublime Text 2
1387541612,1387542060,448,Sublime Text 2
1387543080,1387545555,2475,Sublime Text 2
1387555096,1387556567,1471,Sublime Text 2
1387620976,1387621936,960,Sublime Text 2
1387640147,1387641047,900,Sublime Text 2
1387701167,1387701196,29,Sublime Text 2
1387795771,1387795815,44,Sublime Text 2
1387822576,1387823191,615,Sublime Text 2
1387885800,1387885860,60,Sublime Text 2
1387971211,1387973971,2760,Sublime Text 2
1387975215,1387976191,976,Sublime Text 2
1387989795,1387992692,2897,Sublime Text 2
1387993953,1387995076,1123,Sublime Text 2
1388047892,1388048536,644,Sublime Text 2
1388058512,1388061300,2788,Sublime Text 2
1388099612,1388099927,315,Sublime Text 2
1388101534,1388101920,386,Sublime Text 2
1388103876,1388106766,2890,Sublime Text 2
1388136960,1388140680,3720,Sublime Text 2
1388162507,1388164967,2460,Sublime Text 2
1388239771,1388242576,2805,Sublime Text 2
1388255116,1388257636,2520,Sublime Text 2
1388260797,1388261037,240,Sublime Text 2
1388264398,1388265451,1053,Sublime Text 2
1388266504,1388271791,5287,Sublime Text 2
1388310300,1388312971,2671,Sublime Text 2
1388313992,1388320411,6419,Sublime Text 2
1388321416,1388321881,465,Sublime Text 2
1388324927,1388330132,5205,Sublime Text 2
1388332127,1388345627,13500,Sublime Text 2
1388350592,1388351056,464,Sublime Text 2
1388354176,1388358408,4232,Sublime Text 2
1388419740,1388423761,4021,Sublime Text 2
1388437456,1388447890,10434,Sublime Text 2
1388454345,1388454416,71,Sublime Text 2
1388460876,1388460951,75,Sublime Text 2
1388467409,1388467482,73,Sublime Text 2
1388473943,1388474016,73,Sublime Text 2
1388480475,1388480552,77,Sublime Text 2
1388482860,1388482876,16,Sublime Text 2
1388501775,1388502540,765,Sublime Text 2
1388504207,1388510731,6524,Sublime Text 2
1388518155,1388518456,301,Sublime Text 2
1388521817,1388533925,12108,Sublime Text 2
1379176380,1379178511,2131,iTerm
1379192014,1379192220,206,iTerm
1379197560,1379203200,5640,iTerm
1379203200,1379203891,691,iTerm
1379205196,1379205660,464,iTerm
1379206847,1379207216,369,iTerm
1379230695,1379230750,55,iTerm
1379235255,1379236111,856,iTerm
1379237280,1379239125,1845,iTerm
1379242635,1379242682,47,iTerm
1379245712,1379247135,1423,iTerm
1379348040,1379348806,766,iTerm
1379362366,1379367406,5040,iTerm
1379368531,1379368966,435,iTerm
1379440635,1379441447,812,iTerm
1379444806,1379444885,79,iTerm
1379506972,1379506980,8,iTerm
1379524860,1379524935,75,iTerm
1379541780,1379541850,70,iTerm
1379611440,1379611490,50,iTerm
1379620306,1379622826,2520,iTerm
1379700495,1379700526,31,iTerm
1379703920,1379706046,2126,iTerm
1379759176,1379759723,547,iTerm
1379761549,1379761565,16,iTerm
1379765295,1379765551,256,iTerm
1379849070,1379849100,30,iTerm
1379851336,1379851395,59,iTerm
1379959275,1379961480,2205,iTerm
1379973555,1379973720,165,iTerm
1380037606,1380039240,1634,iTerm
1380048511,1380048900,389,iTerm
1380050941,1380051435,494,iTerm
1380124980,1380128447,3467,iTerm
1380129631,1380130036,405,iTerm
1380136052,1380141526,5474,iTerm
1380225240,1380225660,420,iTerm
1380290746,1380292831,2085,iTerm
1380319695,1380319711,16,iTerm
1380360376,1380360433,57,iTerm
1380362926,1380363091,165,iTerm
1380366406,1380366435,29,iTerm
1380370336,1380371310,974,iTerm
1380377267,1380378211,944,iTerm
1380570331,1380570746,415,iTerm
1380577500,1380577666,166,iTerm
1380647940,1380648001,61,iTerm
1380717075,1380717092,17,iTerm
1380739080,1380739440,360,iTerm
1380740461,1380742380,1919,iTerm
1380797700,1380797757,57,iTerm
1380908596,1380908641,45,iTerm
1380988635,1380989580,945,iTerm
1380993931,1380994096,165,iTerm
1381002540,1381002587,47,iTerm
1381003711,1381004880,1169,iTerm
1381055267,1381055295,28,iTerm
1381065390,1381069487,4097,iTerm
1381070640,1381071151,511,iTerm
1381073415,1381074226,811,iTerm
1381169460,1381169475,15,iTerm
1381174035,1381175475,1440,iTerm
1381325086,1381327231,2145,iTerm
1381336890,1381336951,61,iTerm
1381349296,1381349311,15,iTerm
1381392036,1381393831,1795,iTerm
1381480680,1381480920,240,iTerm
1381485151,1381485511,360,iTerm
1381500713,1381507711,6998,iTerm
1381574809,1381574840,31,iTerm
1381576740,1381578916,2176,iTerm
1381582876,1381583131,255,iTerm
1381584241,1381584751,510,iTerm
1381612980,1381613086,106,iTerm
1381618800,1381619731,931,iTerm
1381664355,1381664731,376,iTerm
1381665766,1381666231,465,iTerm
1381667431,1381668481,1050,iTerm
1381670798,1381672546,1748,iTerm
1381673595,1381676130,2535,iTerm
1381685416,1381686751,1335,iTerm
1381688055,1381692780,4725,iTerm
1381776000,1381781955,5955,iTerm
1381821300,1381821495,195,iTerm
1381856626,1381856731,105,iTerm
1381917316,1381918680,1364,iTerm
1381919687,1381920271,584,iTerm
1381938496,1381938691,195,iTerm
1381940776,1381941060,284,iTerm
1381942095,1381942395,300,iTerm
1381944287,1381947015,2728,iTerm
1381950706,1381954591,3885,iTerm
1381957231,1381957351,120,iTerm
1381999035,1381999080,45,iTerm
1382018371,1382019315,944,iTerm
1382034944,1382036386,1442,iTerm
1382039790,1382039866,76,iTerm
1382041260,1382041306,46,iTerm
1382085751,1382086800,1049,iTerm
1382121316,1382121991,675,iTerm
1382124976,1382124991,15,iTerm
1382126506,1382131411,4905,iTerm
1382170966,1382170980,14,iTerm
1382182111,1382182935,824,iTerm
1382188067,1382189371,1304,iTerm
1382273311,1382273535,224,iTerm
1382274631,1382279566,4935,iTerm
1382301526,1382301870,344,iTerm
1382349455,1382353306,3851,iTerm
1382363251,1382369955,6704,iTerm
1382374035,1382374455,420,iTerm
1382376060,1382379195,3135,iTerm
1382448375,1382450148,1773,iTerm
1382473711,1382473995,284,iTerm
1382478091,1382479260,1169,iTerm
1382526180,1382527215,1035,iTerm
1382529436,1382530726,1290,iTerm
1382532736,1382532960,224,iTerm
1382549580,1382550106,526,iTerm
1382556946,1382557215,269,iTerm
1382562526,1382562555,29,iTerm
1382607031,1382610212,3181,iTerm
1382690566,1382691796,1230,iTerm
1382696142,1382697451,1309,iTerm
1382719711,1382723880,4169,iTerm
1382734951,1382735791,840,iTerm
1382779951,1382780866,915,iTerm
1382796406,1382796496,90,iTerm
1382814176,1382814317,141,iTerm
1382822132,1382823496,1364,iTerm
1382826032,1382827487,1455,iTerm
1382911680,1382911696,16,iTerm
1383078751,1383080900,2149,iTerm
1383086536,1383086580,44,iTerm
1383309653,1383310711,1058,iTerm
1383312347,1383312403,56,iTerm
1383329911,1383330871,960,iTerm
1383339616,1383339647,31,iTerm
1383389567,1383390780,1213,iTerm
1383392259,1383392560,301,iTerm
1383401400,1383401416,16,iTerm
1383420135,1383420900,765,iTerm
1383474992,1383475035,43,iTerm
1383505007,1383505049,42,iTerm
1383854491,1383855347,856,iTerm
1383856380,1383857312,932,iTerm
1383859096,1383861600,2504,iTerm
1383904620,1383904907,287,iTerm
1383950131,1383951227,1096,iTerm
1384040161,1384040448,287,iTerm
1384077992,1384078800,808,iTerm
1384282156,1384282188,32,iTerm
1384358792,1384358852,60,iTerm
1384455796,1384456096,300,iTerm
1384505640,1384505655,15,iTerm
1384526356,1384527092,736,iTerm
1384529595,1384533360,3765,iTerm
1384534667,1384540876,6209,iTerm
1384601400,1384601807,407,iTerm
1384611660,1384612291,631,iTerm
1385152949,1385158417,5468,iTerm
1385161636,1385161774,138,iTerm
1385193765,1385195341,1576,iTerm
1385287041,1385287061,20,iTerm
1385324955,1385325060,105,iTerm
1385743891,1385744220,329,iTerm
1385745376,1385745840,464,iTerm
1385759851,1385761080,1229,iTerm
1385810432,1385815440,5008,iTerm
1385817669,1385818531,862,iTerm
1385824351,1385826527,2176,iTerm
1385837131,1385837160,29,iTerm
1385896396,1385901765,5369,iTerm
1385987522,1385989141,1619,iTerm
1386273736,1386273767,31,iTerm
1386605731,1386606616,885,iTerm
1386608040,1386610007,1967,iTerm
1386668164,1386668328,164,iTerm
1386865215,1386867514,2299,iTerm
1386869251,1386869295,44,iTerm
1386955771,1386959191,3420,iTerm
1386961427,1386961607,180,iTerm
1386965147,1386965747,600,iTerm
1387019252,1387019324,72,iTerm
1387022611,1387023047,436,iTerm
1387051232,1387052775,1543,iTerm
1387054169,1387054740,571,iTerm
1387104152,1387104812,660,iTerm
1387106387,1387107840,1453,iTerm
1387111216,1387115536,4320,iTerm
1387398835,1387399080,245,iTerm
1387400366,1387400541,175,iTerm
1387477667,1387479032,1365,iTerm
1387541432,1387541671,239,iTerm
1387543187,1387545587,2400,iTerm
1387555112,1387556536,1424,iTerm
1387620900,1387621860,960,iTerm
1387640296,1387640987,691,iTerm
1387642788,1387644137,1349,iTerm
1387701060,1387701211,151,iTerm
1387822547,1387823491,944,iTerm
1387837966,1387837980,14,iTerm
1387879907,1387882455,2548,iTerm
1387885399,1387885787,388,iTerm
1387905527,1387905541,14,iTerm
1387971060,1387976580,5520,iTerm
1387985116,1387985160,44,iTerm
1387989691,1387995091,5400,iTerm
1388004467,1388004780,313,iTerm
1388046556,1388046751,195,iTerm
1388047831,1388048656,825,iTerm
1388058407,1388060956,2549,iTerm
1388084160,1388084176,16,iTerm
1388099627,1388099640,13,iTerm
1388101680,1388101876,196,iTerm
1388103844,1388106811,2967,iTerm
1388135071,1388135295,224,iTerm
1388136540,1388140727,4187,iTerm
1388159011,1388164995,5984,iTerm
1388222371,1388222431,60,iTerm
1388231700,1388231717,17,iTerm
1388239667,1388243175,3508,iTerm
1388245531,1388245560,29,iTerm
1388248832,1388248847,15,iTerm
1388255100,1388257515,2415,iTerm
1388265332,1388265360,28,iTerm
1388266652,1388271647,4995,iTerm
1388309567,1388311860,2293,iTerm
1388314411,1388316287,1876,iTerm
1388317292,1388321460,4168,iTerm
1388324820,1388330235,5415,iTerm
1388332140,1388335667,3527,iTerm
1388336700,1388346032,9332,iTerm
1388350951,1388351760,809,iTerm
1388352796,1388355152,2356,iTerm
1388357027,1388358300,1273,iTerm
1388412780,1388412811,31,iTerm
1388419096,1388423987,4891,iTerm
1388432768,1388432783,15,iTerm
1388437411,1388439480,2069,iTerm
1388440500,1388447820,7320,iTerm
1388482847,1388482935,88,iTerm
1388485907,1388485980,73,iTerm
1388491696,1388491740,44,iTerm
1388501671,1388511212,9541,iTerm
1388518020,1388518560,540,iTerm
1388521187,1388522419,1232,iTerm
1388523691,1388524007,316,iTerm
1388525567,1388525807,240,iTerm
1388527029,1388533756,6727,iTerm
1379176380,1379179007,2627,All Programs
1379180100,1379180131,31,All Programs
1379187180,1379192220,5040,All Programs
1379193984,1379194481,497,All Programs
1379195700,1379203200,7500,All Programs
1379203200,1379207216,4016,All Programs
1379229480,1379230750,1270,All Programs
1379232985,1379233167,182,All Programs
1379235180,1379239125,3945,All Programs
1379240771,1379248755,7984,All Programs
1379254947,1379255068,121,All Programs
1379262003,1379262895,892,All Programs
1379266680,1379269468,2788,All Programs
1379270866,1379273909,3043,All Programs
1379277669,1379277903,234,All Programs
1379281016,1379281388,372,All Programs
1379282658,1379283030,372,All Programs
1379312202,1379312346,144,All Programs
1379313660,1379313746,86,All Programs
1379346949,1379348840,1891,All Programs
1379359416,1379371021,11605,All Programs
1379398609,1379398771,162,All Programs
1379402379,1379402471,92,All Programs
1379436135,1379436451,316,All Programs
1379438106,1379444885,6779,All Programs
1379448957,1379454267,5310,All Programs
1379455431,1379455726,295,All Programs
1379484531,1379484692,161,All Programs
1379485850,1379485954,104,All Programs
1379506972,1379510070,3098,All Programs
1379524171,1379529973,5802,All Programs
1379535201,1379539798,4597,All Programs
1379541480,1379541850,370,All Programs
1379573785,1379574115,330,All Programs
1379575200,1379575313,113,All Programs
1379578560,1379580309,1749,All Programs
1379605879,1379612633,6754,All Programs
1379615880,1379617006,1126,All Programs
1379619180,1379624356,5176,All Programs
1379658262,1379658451,189,All Programs
1379662700,1379664676,1976,All Programs
1379667891,1379670281,2390,All Programs
1379683603,1379683996,393,All Programs
1379685637,1379685780,143,All Programs
1379699009,1379700526,1517,All Programs
1379703920,1379708175,4255,All Programs
1379710249,1379710477,228,All Programs
1379711919,1379711980,61,All Programs
1379714836,1379714964,128,All Programs
1379716646,1379717446,800,All Programs
1379752200,1379753036,836,All Programs
1379757960,1379759723,1763,All Programs
1379761549,1379766106,4557,All Programs
1379767448,1379768070,622,All Programs
1379770743,1379773703,2960,All Programs
1379806715,1379807235,520,All Programs
1379840545,1379840687,142,All Programs
1379843820,1379846616,2796,All Programs
1379848347,1379851726,3379,All Programs
1379853138,1379860790,7652,All Programs
1379868540,1379869240,700,All Programs
1379871815,1379875823,4008,All Programs
1379880223,1379882594,2371,All Programs
1379885744,1379886466,722,All Programs
1379887560,1379887876,316,All Programs
1379917009,1379917127,118,All Programs
1379925780,1379926095,315,All Programs
1379951121,1379952331,1210,All Programs
1379957233,1379965276,8043,All Programs
1379968688,1379969600,912,All Programs
1379973401,1379973749,348,All Programs
1380003422,1380003586,164,All Programs
1380006839,1380007355,516,All Programs
1380036363,1380040246,3883,All Programs
1380042671,1380057511,14840,All Programs
1380058820,1380059026,206,All Programs
1380060197,1380061187,990,All Programs
1380089820,1380089987,167,All Programs
1380124725,1380132117,7392,All Programs
1380135300,1380141706,6406,All Programs
1380143470,1380147571,4101,All Programs
1380176210,1380176895,685,All Programs
1380181469,1380184515,3046,All Programs
1380214924,1380216602,1678,All Programs
1380224079,1380232517,8438,All Programs
1380235427,1380235442,15,All Programs
1380268297,1380268429,132,All Programs
1380269609,1380269716,107,All Programs
1380271227,1380272220,993,All Programs
1380273906,1380274139,233,All Programs
1380275460,1380275812,352,All Programs
1380289680,1380303401,13721,All Programs
1380307854,1380314516,6662,All Programs
1380318000,1380318496,496,All Programs
1380319499,1380319951,452,All Programs
1380321782,1380326260,4478,All Programs
1380357624,1380360433,2809,All Programs
1380362843,1380363597,754,All Programs
1380365460,1380378364,12904,All Programs
1380396445,1380399167,2722,All Programs
1380400331,1380400394,63,All Programs
1380401995,1380402157,162,All Programs
1380403732,1380404565,833,All Programs
1380408762,1380412800,4038,All Programs
1380412800,1380414960,2160,All Programs
1380446690,1380447922,1232,All Programs
1380452564,1380458282,5718,All Programs
1380460050,1380460545,495,All Programs
1380463470,1380463559,89,All Programs
1380467640,1380468364,724,All Programs
1380474868,1380476180,1312,All Programs
1380478981,1380479405,424,All Programs
1380481440,1380481602,162,All Programs
1380483233,1380484859,1626,All Programs
1380488040,1380488571,531,All Programs
1380490081,1380490672,591,All Programs
1380494100,1380494760,660,All Programs
1380522080,1380522151,71,All Programs
1380555995,1380557131,1136,All Programs
1380561917,1380565206,3289,All Programs
1380569627,1380570746,1119,All Programs
1380572187,1380572597,410,All Programs
1380574077,1380578658,4581,All Programs
1380607724,1380607866,142,All Programs
1380608901,1380608963,62,All Programs
1380611823,1380611936,113,All Programs
1380646560,1380648001,1441,All Programs
1380657273,1380657525,252,All Programs
1380660366,1380660788,422,All Programs
1380662318,1380665417,3099,All Programs
1380695460,1380695614,154,All Programs
1380696656,1380696753,97,All Programs
1380715406,1380717180,1774,All Programs
1380718500,1380719917,1417,All Programs
1380733952,1380744813,10861,All Programs
1380747127,1380755801,8674,All Programs
1380788442,1380791390,2948,All Programs
1380796740,1380797757,1017,All Programs
1380801720,1380803686,1966,All Programs
1380824075,1380824372,297,All Programs
1380828291,1380828974,683,All Programs
1380830794,1380831429,635,All Programs
1380833647,1380834214,567,All Programs
1380835891,1380835991,100,All Programs
1380867881,1380868471,590,All Programs
1380874894,1380877099,2205,All Programs
1380880059,1380880230,171,All Programs
1380890839,1380891137,298,All Programs
1380904427,1380906946,2519,All Programs
1380908523,1380913134,4611,All Programs
1380914161,1380914387,226,All Programs
1380916920,1380917940,1020,All Programs
1380920340,1380920856,516,All Programs
1380922497,1380922672,175,All Programs
1380925440,1380925660,220,All Programs
1380963377,1380971890,8513,All Programs
1380980665,1380980915,250,All Programs
1380983946,1380984524,578,All Programs
1380987437,1380996986,9549,All Programs
1381000747,1381005029,4282,All Programs
1381008103,1381008625,522,All Programs
1381011269,1381011611,342,All Programs
1381014299,1381014787,488,All Programs
1381048318,1381050277,1959,All Programs
1381054713,1381055415,702,All Programs
1381058870,1381071741,12871,All Programs
1381073310,1381075176,1866,All Programs
1381077623,1381077879,256,All Programs
1381083186,1381091776,8590,All Programs
1381094610,1381095346,736,All Programs
1381126117,1381127523,1406,All Programs
1381160817,1381161579,762,All Programs
1381167737,1381176343,8606,All Programs
1381177492,1381177557,65,All Programs
1381183021,1381183578,557,All Programs
1381215408,1381215871,463,All Programs
1381216911,1381217044,133,All Programs
1381218084,1381218764,680,All Programs
1381222620,1381226016,3396,All Programs
1381250605,1381251450,845,All Programs
1381252851,1381257675,4824,All Programs
1381259814,1381263389,3575,All Programs
1381265211,1381267028,1817,All Programs
1381270164,1381270607,443,All Programs
1381298926,1381299166,240,All Programs
1381300282,1381301124,842,All Programs
1381302620,1381302871,251,All Programs
1381315980,1381319027,3047,All Programs
1381321560,1381327440,5880,All Programs
1381328775,1381334460,5685,All Programs
1381335780,1381340806,5026,All Programs
1381347377,1381349460,2083,All Programs
1381353410,1381354360,950,All Programs
1381385338,1381385444,106,All Programs
1381388652,1381389034,382,All Programs
1381391462,1381394791,3329,All Programs
1381419165,1381420048,883,All Programs
1381422562,1381423001,439,All Programs
1381424677,1381427476,2799,All Programs
1381431685,1381437089,5404,All Programs
1381441985,1381442144,159,All Programs
1381474198,1381474373,175,All Programs
1381480080,1381483008,2928,All Programs
1381484605,1381485842,1237,All Programs
1381499941,1381509288,9347,All Programs
1381511940,1381518582,6642,All Programs
1381522399,1381522546,147,All Programs
1381524000,1381524211,211,All Programs
1381525526,1381528380,2854,All Programs
1381531680,1381531771,91,All Programs
1381565517,1381566450,933,All Programs
1381569969,1381570174,205,All Programs
1381573704,1381574840,1136,All Programs
1381576500,1381580257,3757,All Programs
1381581597,1381585359,3762,All Programs
1381607243,1381608840,1597,All Programs
1381610998,1381611451,453,All Programs
1381612939,1381613491,552,All Programs
1381616648,1381616980,332,All Programs
1381618584,1381619731,1147,All Programs
1381654969,1381656331,1362,All Programs
1381664304,1381668481,4177,All Programs
1381670798,1381676640,5842,All Programs
1381682861,1381692916,10055,All Programs
1381695808,1381695840,32,All Programs
1381699552,1381700040,488,All Programs
1381701216,1381701420,204,All Programs
1381731398,1381731431,33,All Programs
1381734600,1381734615,15,All Programs
1381752448,1381754086,1638,All Programs
1381758120,1381758376,256,All Programs
1381765241,1381782000,16759,All Programs
1381784010,1381784056,46,All Programs
1381787951,1381788420,469,All Programs
1381817675,1381817791,116,All Programs
1381821247,1381821495,248,All Programs
1381838353,1381840306,1953,All Programs
1381843860,1381844355,495,All Programs
1381855694,1381857676,1982,All Programs
1381864473,1381868055,3582,All Programs
1381870710,1381870786,76,All Programs
1381873740,1381875766,2026,All Programs
1381908987,1381909650,663,All Programs
1381911736,1381912066,330,All Programs
1381915099,1381921531,6432,All Programs
1381926999,1381927863,864,All Programs
1381938000,1381947015,9015,All Programs
1381949955,1381955055,5100,All Programs
1381956835,1381957995,1160,All Programs
1381960306,1381960323,17,All Programs
1381962000,1381962480,480,All Programs
1381992511,1381992975,464,All Programs
1381998741,1382000056,1315,All Programs
1382009805,1382010180,375,All Programs
1382016934,1382020257,3323,All Programs
1382029306,1382029395,89,All Programs
1382033743,1382036415,2672,All Programs
1382039322,1382044843,5521,All Programs
1382047339,1382048191,852,All Programs
1382077464,1382077920,456,All Programs
1382083572,1382088315,4743,All Programs
1382107454,1382109136,1682,All Programs
1382116961,1382118180,1219,All Programs
1382120729,1382122126,1397,All Programs
1382124826,1382132760,7934,All Programs
1382135584,1382135687,103,All Programs
1382170174,1382171217,1043,All Programs
1382174040,1382174202,162,All Programs
1382176164,1382176455,291,All Programs
1382179316,1382183340,4024,All Programs
1382185360,1382185600,240,All Programs
1382187590,1382197786,10196,All Programs
1382204649,1382206171,1522,All Programs
1382209425,1382212738,3313,All Programs
1382214720,1382215217,497,All Programs
1382219083,1382219520,437,All Programs
1382220780,1382221436,656,All Programs
1382225940,1382226076,136,All Programs
1382257380,1382258355,975,All Programs
1382259810,1382261073,1263,All Programs
1382267391,1382268136,745,All Programs
1382270797,1382279620,8823,All Programs
1382281825,1382281951,126,All Programs
1382293952,1382296210,2258,All Programs
1382299019,1382302200,3181,All Programs
1382303983,1382304600,617,All Programs
1382306128,1382306161,33,All Programs
1382313421,1382313600,179,All Programs
1382313600,1382313856,256,All Programs
1382342592,1382344606,2014,All Programs
1382348700,1382353951,5251,All Programs
1382359097,1382370571,11474,All Programs
1382372665,1382372806,141,All Programs
1382374020,1382379586,5566,All Programs
1382385060,1382385826,766,All Programs
1382391780,1382391960,180,All Programs
1382394749,1382395954,1205,All Programs
1382429268,1382432340,3072,All Programs
1382434568,1382442406,7838,All Programs
1382448360,1382451900,3540,All Programs
1382459680,1382459955,275,All Programs
1382466881,1382467260,379,All Programs
1382470000,1382470140,140,All Programs
1382471949,1382474566,2617,All Programs
1382478026,1382479861,1835,All Programs
1382481362,1382481436,74,All Programs
1382483008,1382483280,272,All Programs
1382485440,1382486400,960,All Programs
1382486400,1382487450,1050,All Programs
1382514967,1382520256,5289,All Programs
1382523632,1382535556,11924,All Programs
1382537116,1382537176,60,All Programs
1382539459,1382540100,641,All Programs
1382542172,1382542205,33,All Programs
1382549520,1382550615,1095,All Programs
1382554239,1382554711,472,All Programs
1382556414,1382557291,877,All Programs
1382561306,1382562586,1280,All Programs
1382565061,1382565420,359,All Programs
1382566727,1382566951,224,All Programs
1382598034,1382598255,221,All Programs
1382599500,1382599516,16,All Programs
1382603400,1382603491,91,All Programs
1382606846,1382610228,3382,All Programs
1382689381,1382691796,2415,All Programs
1382696142,1382697480,1338,All Programs
1382719310,1382725787,6477,All Programs
1382729520,1382729867,347,All Programs
1382733481,1382737051,3570,All Programs
1382740092,1382741520,1428,All Programs
1382778857,1382780926,2069,All Programs
1382782200,1382782351,151,All Programs
1382795569,1382816731,21162,All Programs
1382821200,1382827547,6347,All Programs
1382862003,1382867899,5896,All Programs
1382872867,1382872920,53,All Programs
1382883381,1382884600,1219,All Programs
1382906459,1382912466,6007,All Programs
1382913842,1382914052,210,All Programs
1382920355,1382920411,56,All Programs
1382926851,1382926901,50,All Programs
1382933347,1382933438,91,All Programs
1382939857,1382939932,75,All Programs
1382946353,1382946428,75,All Programs
1382951692,1382951814,122,All Programs
1382954012,1382954088,76,All Programs
1382996039,1383000344,4305,All Programs
1383034136,1383034340,204,All Programs
1383043067,1383043153,86,All Programs
1383069536,1383073193,3657,All Programs
1383074441,1383075044,603,All Programs
1383078273,1383080900,2627,All Programs
1383082416,1383082971,555,All Programs
1383084164,1383084628,464,All Programs
1383086453,1383086849,396,All Programs
1383087944,1383088184,240,All Programs
1383091747,1383091828,81,All Programs
1383095400,1383095490,90,All Programs
1383099070,1383099152,82,All Programs
1383102732,1383102814,82,All Programs
1383106396,1383106476,80,All Programs
1383110056,1383110138,82,All Programs
1383113719,1383113800,81,All Programs
1383117381,1383117462,81,All Programs
1383121044,1383122584,1540,All Programs
1383125792,1383127511,1719,All Programs
1383152147,1383153879,1732,All Programs
1383157696,1383158112,416,All Programs
1383163288,1383163547,259,All Programs
1383164658,1383166402,1744,All Programs
1383168807,1383169307,500,All Programs
1383170696,1383171234,538,All Programs
1383172733,1383173046,313,All Programs
1383207133,1383210268,3135,All Programs
1383214359,1383215080,721,All Programs
1383218246,1383219612,1366,All Programs
1383226072,1383226144,72,All Programs
1383229802,1383230508,706,All Programs
1383236051,1383240966,4915,All Programs
1383248133,1383250448,2315,All Programs
1383252078,1383252545,467,All Programs
1383254441,1383254935,494,All Programs
1383256594,1383256996,402,All Programs
1383258018,1383258460,442,All Programs
1383260668,1383260874,206,All Programs
1383299398,1383300739,1341,All Programs
1383303641,1383303767,126,All Programs
1383306471,1383312403,5932,All Programs
1383318127,1383318795,668,All Programs
1383328536,1383331028,2492,All Programs
1383333600,1383333971,371,All Programs
1383336000,1383336293,293,All Programs
1383339262,1383339810,548,All Programs
1383342334,1383342515,181,All Programs
1383346112,1383346531,419,All Programs
1383348060,1383349922,1862,All Programs
1383376257,1383376395,138,All Programs
1383380940,1383381365,425,All Programs
1383384296,1383384381,85,All Programs
1383387189,1383392709,5520,All Programs
1383395426,1383395503,77,All Programs
1383396975,1383397425,450,All Programs
1383398537,1383401493,2956,All Programs
1383403382,1383403630,248,All Programs
1383406659,1383406932,273,All Programs
1383410678,1383411032,354,All Programs
1383413950,1383414426,476,All Programs
1383419862,1383422617,2755,All Programs
1383423782,1383424035,253,All Programs
1383425182,1383425479,297,All Programs
1383427461,1383428098,637,All Programs
1383429267,1383429811,544,All Programs
1383430835,1383431060,225,All Programs
1383432986,1383433591,605,All Programs
1383469308,1383472377,3069,All Programs
1383474359,1383478736,4377,All Programs
1383483499,1383483824,325,All Programs
1383487155,1383487401,246,All Programs
1383491794,1383492256,462,All Programs
1383497500,1383497810,310,All Programs
1383499596,1383500059,463,All Programs
1383503065,1383503519,454,All Programs
1383504759,1383505049,290,All Programs
1383507441,1383507803,362,All Programs
1383513920,1383514321,401,All Programs
1383515880,1383516320,440,All Programs
1383544857,1383545006,149,All Programs
1383578982,1383579775,793,All Programs
1383581150,1383587330,6180,All Programs
1383590160,1383590375,215,All Programs
1383592884,1383593435,551,All Programs
1383597000,1383597085,85,All Programs
1383601238,1383603027,1789,All Programs
1383609480,1383609555,75,All Programs
1383616014,1383616090,76,All Programs
1383622548,1383622623,75,All Programs
1383629080,1383629157,77,All Programs
1383631724,1383633135,1411,All Programs
1383671658,1383675061,3403,All Programs
1383679290,1383679499,209,All Programs
1383681716,1383687762,6046,All Programs
1383721271,1383721367,96,All Programs
1383725598,1383727094,1496,All Programs
1383751786,1383752300,514,All Programs
1383753874,1383761791,7917,All Programs
1383763778,1383764956,1178,All Programs
1383768060,1383768436,376,All Programs
1383769964,1383770148,184,All Programs
1383772271,1383772350,79,All Programs
1383774483,1383774948,465,All Programs
1383775951,1383776313,362,All Programs
1383807661,1383808010,349,All Programs
1383842812,1383843180,368,All Programs
1383844513,1383862741,18228,All Programs
1383864575,1383865697,1122,All Programs
1383894945,1383895265,320,All Programs
1383901192,1383901483,291,All Programs
1383902837,1383905093,2256,All Programs
1383911547,1383911622,75,All Programs
1383912688,1383912805,117,All Programs
1383919256,1383919335,79,All Programs
1383925791,1383925869,78,All Programs
1383932325,1383932403,78,All Programs
1383938860,1383938938,78,All Programs
1383940620,1383941769,1149,All Programs
1383944014,1383947027,3013,All Programs
1383950035,1383955200,5165,All Programs
1383955200,1383956145,945,All Programs
1383990875,1383994801,3926,All Programs
1383999559,1384001842,2283,All Programs
1384004991,1384005036,45,All Programs
1384010760,1384011380,620,All Programs
1384017841,1384017910,69,All Programs
1384024377,1384024451,74,All Programs
1384025665,1384028342,2677,All Programs
1384029959,1384030401,442,All Programs
1384033850,1384034088,238,All Programs
1384036414,1384040544,4130,All Programs
1384074018,1384075847,1829,All Programs
1384077554,1384080051,2497,All Programs
1384092631,1384092837,206,All Programs
1384094578,1384095552,974,All Programs
1384102013,1384102083,70,All Programs
1384108547,1384110065,1518,All Programs
1384113294,1384113359,65,All Programs
1384117200,1384117476,276,All Programs
1384118969,1384119378,409,All Programs
1384120974,1384121577,603,All Programs
1384123496,1384123760,264,All Programs
1384124954,1384125180,226,All Programs
1384150433,1384150623,190,All Programs
1384184210,1384185857,1647,All Programs
1384189251,1384190412,1161,All Programs
1384192980,1384193233,253,All Programs
1384205928,1384206068,140,All Programs
1384236532,1384236616,84,All Programs
1384273721,1384276228,2507,All Programs
1384277385,1384282226,4841,All Programs
1384286057,1384286223,166,All Programs
1384289148,1384290184,1036,All Programs
1384292871,1384294378,1507,All Programs
1384323404,1384323478,74,All Programs
1384327380,1384327451,71,All Programs
1384357735,1384363419,5684,All Programs
1384366332,1384367024,692,All Programs
1384379782,1384380032,250,All Programs
1384411726,1384411879,153,All Programs
1384416616,1384417198,582,All Programs
1384423659,1384423727,68,All Programs
1384430191,1384430261,70,All Programs
1384436726,1384436796,70,All Programs
1384443260,1384443335,75,All Programs
1384449319,1384451507,2188,All Programs
1384454910,1384456156,1246,All Programs
1384459277,1384461725,2448,All Programs
1384464297,1384468078,3781,All Programs
1384470717,1384471018,301,All Programs
1384499501,1384500193,692,All Programs
1384504980,1384506542,1562,All Programs
1384522118,1384523181,1063,All Programs
1384524255,1384527697,3442,All Programs
1384528726,1384540938,12212,All Programs
1384542322,1384543442,1120,All Programs
1384548792,1384549007,215,All Programs
1384550296,1384550872,576,All Programs
1384552221,1384552630,409,All Programs
1384554034,1384555704,1670,All Programs
1384589441,1384590473,1032,All Programs
1384596116,1384596254,138,All Programs
1384600636,1384605797,5161,All Programs
1384610785,1384612924,2139,All Programs
1384619385,1384619464,79,All Programs
1384625924,1384625998,74,All Programs
1384632459,1384632536,77,All Programs
1384635284,1384635838,554,All Programs
1384641633,1384642179,546,All Programs
1384677623,1384679957,2334,All Programs
1384682728,1384683450,722,All Programs
1384691151,1384691613,462,All Programs
1384693068,1384693260,192,All Programs
1384694490,1384694893,403,All Programs
1384699177,1384699681,504,All Programs
1384700709,1384705505,4796,All Programs
1384714294,1384714450,156,All Programs
1384716960,1384717343,383,All Programs
1384724177,1384724725,548,All Programs
1384726168,1384726427,259,All Programs
1384727529,1384727653,124,All Programs
1384734109,1384734184,75,All Programs
1384740642,1384740715,73,All Programs
1384747176,1384747249,73,All Programs
1384753708,1384754593,885,All Programs
1384759134,1384759313,179,All Programs
1384796460,1384802889,6429,All Programs
1384806474,1384807994,1520,All Programs
1384810843,1384811085,242,All Programs
1384812144,1384812865,721,All Programs
1384842354,1384843100,746,All Programs
1384844638,1384844776,138,All Programs
1384848300,1384848363,63,All Programs
1384849368,1384851541,2173,All Programs
1384853030,1384853206,176,All Programs
1384859664,1384859735,71,All Programs
1384866197,1384866270,73,All Programs
1384872732,1384872804,72,All Programs
1384879266,1384879338,72,All Programs
1384880945,1384885027,4082,All Programs
1384887478,1384888922,1444,All Programs
1384890636,1384891223,587,All Programs
1384892314,1384895237,2923,All Programs
1384897301,1384897487,186,All Programs
1384898717,1384899019,302,All Programs
1384927732,1384927860,128,All Programs
1384928990,1384929112,122,All Programs
1384931340,1384931554,214,All Programs
1384964777,1384965361,584,All Programs
1384967418,1384972506,5088,All Programs
1384974867,1384975128,261,All Programs
1384977427,1384977855,428,All Programs
1384981488,1384983148,1660,All Programs
1384985248,1384985585,337,All Programs
1385015562,1385015700,138,All Programs
1385022001,1385023339,1338,All Programs
1385054100,1385054192,92,All Programs
1385059865,1385060966,1101,All Programs
1385065603,1385065653,50,All Programs
1385070337,1385070498,161,All Programs
1385072895,1385072991,96,All Programs
1385102226,1385102474,248,All Programs
1385112425,1385113596,1171,All Programs
1385126545,1385127496,951,All Programs
1385133950,1385134035,85,All Programs
1385137613,1385137694,81,All Programs
1385138976,1385139451,475,All Programs
1385143288,1385148627,5339,All Programs
1385152931,1385158848,5917,All Programs
1385161620,1385161774,154,All Programs
1385193765,1385196480,2715,All Programs
1385202933,1385203010,77,All Programs
1385209466,1385209550,84,All Programs
1385213127,1385213206,79,All Programs
1385219663,1385219749,86,All Programs
1385223326,1385223406,80,All Programs
1385225686,1385226017,331,All Programs
1385230960,1385231444,484,All Programs
1385234168,1385234536,368,All Programs
1385236469,1385236907,438,All Programs
1385239493,1385240868,1375,All Programs
1385242912,1385243521,609,All Programs
1385244617,1385245090,473,All Programs
1385247158,1385247360,202,All Programs
1385281594,1385282449,855,All Programs
1385286751,1385290006,3255,All Programs
1385292810,1385293711,901,All Programs
1385308523,1385308696,173,All Programs
1385317487,1385320575,3088,All Programs
1385322360,1385326831,4471,All Programs
1385330257,1385332127,1870,All Programs
1385363941,1385364076,135,All Programs
1385385311,1385386935,1624,All Programs
1385388129,1385388960,831,All Programs
1385391544,1385391691,147,All Programs
1385398361,1385400991,2630,All Programs
1385416875,1385418316,1441,All Programs
1385449258,1385450447,1189,All Programs
1385483941,1385485696,1755,All Programs
1385487370,1385487840,470,All Programs
1385494330,1385494395,65,All Programs
1385498010,1385499226,1216,All Programs
1385501760,1385502151,391,All Programs
1385504575,1385505452,877,All Programs
1385571537,1385572156,619,All Programs
1385573189,1385573568,379,All Programs
1385582820,1385587276,4456,All Programs
1385591634,1385591880,246,All Programs
1385622645,1385622856,211,All Programs
1385625328,1385627816,2488,All Programs
1385634300,1385634331,31,All Programs
1385640822,1385640871,49,All Programs
1385647357,1385647412,55,All Programs
1385653891,1385653936,45,All Programs
1385658631,1385660147,1516,All Programs
1385668976,1385672251,3275,All Programs
1385676368,1385677892,1524,All Programs
1385684374,1385684431,57,All Programs
1385690925,1385690956,31,All Programs
1385697443,1385697496,53,All Programs
1385703978,1385704020,42,All Programs
1385708677,1385708731,54,All Programs
1385718751,1385720077,1326,All Programs
1385736000,1385736481,481,All Programs
1385743687,1385745855,2168,All Programs
1385759290,1385763736,4446,All Programs
1385765174,1385765251,77,All Programs
1385800302,1385800667,365,All Programs
1385810400,1385815440,5040,All Programs
1385817669,1385818839,1170,All Programs
1385824114,1385826564,2450,All Programs
1385833858,1385837511,3653,All Programs
1385896181,1385901765,5584,All Programs
1385926526,1385926576,50,All Programs
1385934068,1385934255,187,All Programs
1385966204,1385966311,107,All Programs
1385968606,1385968980,374,All Programs
1385986040,1385990428,4388,All Programs
1386000597,1386005948,5351,All Programs
1386012398,1386012478,80,All Programs
1386014640,1386015230,590,All Programs
1386017606,1386017640,34,All Programs
1386020133,1386021767,1634,All Programs
1386053078,1386053267,189,All Programs
1386088762,1386088847,85,All Programs
1386090864,1386092071,1207,All Programs
1386101294,1386104341,3047,All Programs
1386106522,1386106636,114,All Programs
1386108225,1386108632,407,All Programs
1386141668,1386141751,83,All Programs
1386158400,1386163372,4972,All Programs
1386169832,1386169904,72,All Programs
1386176318,1386178390,2072,All Programs
1386187540,1386188328,788,All Programs
1386192378,1386192527,149,All Programs
1386196196,1386196260,64,All Programs
1386225009,1386225092,83,All Programs
1386229380,1386233026,3646,All Programs
1386263430,1386268620,5190,All Programs
1386273410,1386273827,417,All Programs
1386274962,1386279478,4516,All Programs
1386281682,1386281918,236,All Programs
1386288376,1386288447,71,All Programs
1386294910,1386294981,71,All Programs
1386301444,1386301514,70,All Programs
1386307978,1386308049,71,All Programs
1386312041,1386312407,366,All Programs
1386314451,1386315145,694,All Programs
1386318987,1386319429,442,All Programs
1386320447,1386322013,1566,All Programs
1386336290,1386336521,231,All Programs
1386338448,1386338856,408,All Programs
1386538551,1386539160,609,All Programs
1386541235,1386541440,205,All Programs
1386572384,1386573993,1609,All Programs
1386578071,1386581130,3059,All Programs
1386604680,1386610178,5498,All Programs
1386616631,1386616705,74,All Programs
1386619798,1386619928,130,All Programs
1386622289,1386622514,225,All Programs
1386625015,1386625323,308,All Programs
1386627595,1386628716,1121,All Programs
1386662532,1386663222,690,All Programs
1386668164,1386669197,1033,All Programs
1386681900,1386682755,855,All Programs
1386685254,1386686349,1095,All Programs
1386693975,1386696016,2041,All Programs
1386708032,1386708489,457,All Programs
1386713158,1386713364,206,All Programs
1386746361,1386746772,411,All Programs
1386763605,1386767783,4178,All Programs
1386774238,1386774312,74,All Programs
1386780772,1386783081,2309,All Programs
1386792720,1386793169,449,All Programs
1386797066,1386798022,956,All Programs
1386832620,1386832712,92,All Programs
1386862358,1386867514,5156,All Programs
1386868588,1386869703,1115,All Programs
1386880295,1386884528,4233,All Programs
1386888029,1386888272,243,All Programs
1386894729,1386894799,70,All Programs
1386901262,1386901332,70,All Programs
1386907797,1386907866,69,All Programs
1386914330,1386914401,71,All Programs
1386919500,1386919788,288,All Programs
1386924585,1386924713,128,All Programs
1386928271,1386929265,994,All Programs
1386945938,1386946554,616,All Programs
1386948720,1386949001,281,All Programs
1386950717,1386965802,15085,All Programs
1386967120,1386967140,20,All Programs
1386968221,1386968996,775,All Programs
1386973140,1386973729,589,All Programs
1386977684,1386977813,129,All Programs
1387009140,1387012783,3643,All Programs
1387016558,1387017415,857,All Programs
1387018968,1387019389,421,All Programs
1387021964,1387029520,7556,All Programs
1387031042,1387043356,12314,All Programs
1387047807,1387048147,340,All Programs
1387050955,1387052775,1820,All Programs
1387054169,1387054847,678,All Programs
1387056225,1387056680,455,All Programs
1387057950,1387058456,506,All Programs
1387059986,1387060592,606,All Programs
1387061783,1387063104,1321,All Programs
1387099922,1387099998,76,All Programs
1387103249,1387119531,16282,All Programs
1387120597,1387120729,132,All Programs
1387125411,1387125768,357,All Programs
1387129014,1387129645,631,All Programs
1387131691,1387131840,149,All Programs
1387133284,1387133782,498,All Programs
1387136233,1387137679,1446,All Programs
1387139424,1387139905,481,All Programs
1387142686,1387144855,2169,All Programs
1387177557,1387177941,384,All Programs
1387208910,1387210133,1223,All Programs
1387214452,1387215161,709,All Programs
1387221614,1387221690,76,All Programs
1387223976,1387224351,375,All Programs
1387226740,1387226987,247,All Programs
1387229808,1387230049,241,All Programs
1387231260,1387231439,179,All Programs
1387262200,1387262371,171,All Programs
1387299102,1387301625,2523,All Programs
1387310859,1387313003,2144,All Programs
1387316180,1387316637,457,All Programs
1387348401,1387348640,239,All Programs
1387350056,1387351158,1102,All Programs
1387369364,1387369487,123,All Programs
1387385224,1387386256,1032,All Programs
1387397030,1387397305,275,All Programs
1387398634,1387399124,490,All Programs
1387400198,1387401436,1238,All Programs
1387407859,1387408561,702,All Programs
1387436897,1387437660,763,All Programs
1387438715,1387439027,312,All Programs
1387442220,1387442507,287,All Programs
1387474800,1387479091,4291,All Programs
1387483197,1387483412,215,All Programs
1387488573,1387488796,223,All Programs
1387490020,1387490476,456,All Programs
1387494330,1387495112,782,All Programs
1387524740,1387524916,176,All Programs
1387529426,1387533600,4174,All Programs
1387541060,1387547851,6791,All Programs
1387551123,1387551976,853,All Programs
1387553540,1387557120,3580,All Programs
1387558296,1387559715,1419,All Programs
1387562314,1387565340,3026,All Programs
1387572256,1387572556,300,All Programs
1387579027,1387579740,713,All Programs
1387586218,1387586253,35,All Programs
1387592752,1387592856,104,All Programs
1387599322,1387599360,38,All Programs
1387605854,1387605885,31,All Programs
1387612371,1387613194,823,All Programs
1387619118,1387621967,2849,All Programs
1387628714,1387628956,242,All Programs
1387632410,1387632511,101,All Programs
1387635875,1387636232,357,All Programs
1387637946,1387638120,174,All Programs
1387639592,1387644706,5114,All Programs
1387651200,1387651265,65,All Programs
1387654905,1387655056,151,All Programs
1387666899,1387667312,413,All Programs
1387699421,1387702320,2899,All Programs
1387704932,1387705876,944,All Programs
1387717837,1387717920,83,All Programs
1387721020,1387721056,36,All Programs
1387722898,1387722915,17,All Programs
1387727640,1387732907,5267,All Programs
1387739385,1387739433,48,All Programs
1387740634,1387744021,3387,All Programs
1387745947,1387746167,220,All Programs
1387749182,1387749481,299,All Programs
1387753263,1387753367,104,All Programs
1387790650,1387791076,426,All Programs
1387794293,1387796131,1838,All Programs
1387806689,1387806795,106,All Programs
1387811556,1387812767,1211,All Programs
1387820502,1387823940,3438,All Programs
1387828856,1387829851,995,All Programs
1387837484,1387838038,554,All Programs
1387840769,1387840982,213,All Programs
1387874763,1387874980,217,All Programs
1387879384,1387882869,3485,All Programs
1387883966,1387884275,309,All Programs
1387885381,1387888367,2986,All Programs
1387891859,1387892055,196,All Programs
1387894160,1387894193,33,All Programs
1387901751,1387903471,1720,All Programs
1387905268,1387906298,1030,All Programs
1387928057,1387928207,150,All Programs
1387963320,1387964476,1156,All Programs
1387968188,1387976840,8652,All Programs
1387978035,1387978050,15,All Programs
1387980668,1387980767,99,All Programs
1387985023,1387986522,1499,All Programs
1387989364,1387997371,8007,All Programs
1388001455,1388001720,265,All Programs
1388003620,1388006741,3121,All Programs
1388011387,1388011906,519,All Programs
1388013199,1388013399,200,All Programs
1388046342,1388050954,4612,All Programs
1388057419,1388061400,3981,All Programs
1388063147,1388063189,42,All Programs
1388072578,1388072696,118,All Programs
1388076145,1388076347,202,All Programs
1388082808,1388085227,2419,All Programs
1388088044,1388089007,963,All Programs
1388093120,1388093447,327,All Programs
1388097584,1388098085,501,All Programs
1388099470,1388099927,457,All Programs
1388101534,1388101920,386,All Programs
1388103844,1388106928,3084,All Programs
1388134984,1388140902,5918,All Programs
1388142627,1388148961,6334,All Programs
1388155433,1388155490,57,All Programs
1388158920,1388171090,12170,All Programs
1388174601,1388174763,162,All Programs
1388177002,1388177507,505,All Programs
1388178809,1388179456,647,All Programs
1388180724,1388180908,184,All Programs
1388182108,1388182351,243,All Programs
1388184917,1388185953,1036,All Programs
1388221933,1388223997,2064,All Programs
1388231592,1388235726,4134,All Programs
1388238563,1388243340,4777,All Programs
1388245108,1388245636,528,All Programs
1388248560,1388257690,9130,All Programs
1388259164,1388259645,481,All Programs
1388260797,1388261037,240,All Programs
1388264398,1388271791,7393,All Programs
1388305225,1388306016,791,All Programs
1388309390,1388321881,12491,All Programs
1388324473,1388330235,5762,All Programs
1388331953,1388346121,14168,All Programs
1388349633,1388358519,8886,All Programs
1388364975,1388365051,76,All Programs
1388371510,1388371583,73,All Programs
1388378044,1388378116,72,All Programs
1388384578,1388384650,72,All Programs
1388391111,1388391184,73,All Programs
1388396655,1388397178,523,All Programs
1388399505,1388400225,720,All Programs
1388404860,1388405033,173,All Programs
1388412456,1388412827,371,All Programs
1388416153,1388416690,537,All Programs
1388418960,1388424870,5910,All Programs
1388427272,1388427369,97,All Programs
1388430201,1388430284,83,All Programs
1388432574,1388447890,15316,All Programs
1388454345,1388454416,71,All Programs
1388460876,1388460951,75,All Programs
1388467409,1388467482,73,All Programs
1388473943,1388474016,73,All Programs
1388480475,1388482985,2510,All Programs
1388484804,1388486022,1218,All Programs
1388487117,1388487227,110,All Programs
1388488301,1388488393,92,All Programs
1388490205,1388495825,5620,All Programs
1388497393,1388497446,53,All Programs
1388500073,1388512680,12607,All Programs
1388517797,1388534027,16230,All Programs
